uid: 300000 403200 518400 614400 691200 787200 883200 979200 1075200 1171200 1248000 1344000 1420800 1516800 1612800 1708800 1804800 710400 825600 940800 1056000 1171200 1286400 1382400 1478400 1574400 1670400 1766400 1862400 1958400 2054400 2150400 2246400 2342400 2419200 844800 960000 1075200 1190400 1305600 1401600 1516800 1632000 1747200 1862400 1977600 2073600 2169600 2265600 2361600 2457600 2553600 2649600 2745600 2841600
0: 0 0 0 0 669910 68777 49810 46148 225985 243573 246343 120448 92198 116390 110451 97616 1467410 79294 7988 6848 6351 42863 26432 8051 6501 19880 7325 11370 3952 4421 3462 2982 2942 8362 242812 20213 763 1940 1397 1162 953 1694 1583 5147 863 1029 826 710 811 765 843 649 775 778 180560
10480: 0 0 0 0 0 0 0 0 0 0 0 0 0 0 0 0 3 0 0 0 0 0 0 0 0 0 0 0 0 0 0 1 0 0 2 0 0 0 0 0 0 0 0 0 0 0 0 0 0 0 0 0 0 0 0
10391: 0 0 0 0 1399 498 668 584 382 433 476 461 580 1528 462 508 43868 1 0 0 1 2 3 0 1 0 0 1 0 0 0 0 0 0 42 0 0 0 0 0 0 0 0 0 0 0 0 0 0 0 0 0 0 0 3
10768: 0 0 0 0 0 0 0 0 0 0 0 0 0 0 0 0 12 0 0 0 0 0 0 0 0 0 1 0 0 0 0 0 0 0 3 0 0 0 0 0 0 0 0 0 0 0 0 0 0 0 0 0 0 0 0
11056: 0 0 0 0 9 1 1 0 1 3 1 1 0 2 4 0 76 1 0 0 0 0 0 0 0 3 0 2 0 0 0 0 0 0 11 0 0 0 0 0 0 0 0 0 0 0 0 0 0 0 0 0 0 0 0
99001: 0 0 0 0 7 5 9 9 17 17 52 46 30 24 23 26 164 139 3 2 3 1 2 0 1 0 2 0 0 0 0 0 0 0 39 0 0 0 0 0 0 0 0 0 0 0 0 0 0 0 0 0 0 0 4
10357: 0 0 0 0 319 18 17 13 292 466 191 51 46 58 83 43 9856 984 90 63 43 455 195 115 103 113 141 310 106 123 106 122 139 135 3524 86 6 130 94 77 71 81 105 204 109 129 102 107 139 126 133 128 118 135 1873
10734: 0 0 0 0 0 0 0 0 0 0 0 0 0 0 0 0 57 0 0 0 0 0 0 0 0 0 0 0 0 0 0 0 0 0 3 0 0 0 0 0 0 0 0 0 0 0 0 0 0 0 0 0 0 0 0
10124: 0 0 0 0 0 0 0 0 0 0 0 0 0 0 0 0 354 1 0 0 0 0 0 0 0 0 0 0 0 0 0 0 1 0 11 0 0 0 0 0 0 0 0 0 0 0 0 0 0 0 0 0 0 0 0
10501: 0 0 0 0 0 0 0 0 0 0 0 0 0 0 0 0 8 0 0 0 0 0 0 0 0 0 0 0 0 0 0 0 0 0 4 0 0 0 0 0 0 0 0 0 0 0 0 0 0 0 0 0 0 0 0
99200: 0 0 0 0 0 0 0 0 0 2 1 1 0 1 0 0 280 0 0 0 0 0 0 0 0 0 0 1 0 0 0 0 0 0 30 0 0 0 0 0 0 0 0 0 0 0 0 0 0 0 0 0 0 0 5
10035: 0 0 0 0 0 0 0 0 0 0 0 0 0 0 0 0 6 1 0 0 0 0 0 0 0 0 0 0 1 0 0 0 0 0 1 0 0 0 0 0 0 0 0 0 0 0 0 0 0 0 0 0 0 0 0
10556: 0 0 0 0 509 49 48 52 265 199 405 230 173 242 207 185 33417 23 4 5 3 5 9 6 4 11 8 84 9 8 2 9 14 8 1882 6 0 1 2 1 1 0 2 17 0 1 1 1 1 3 2 1 3 1 341
10700: 0 0 0 0 22 0 1 0 7 3 4 1 3 3 2 2 209 5 0 0 0 3 0 0 0 1 2 6 0 0 0 0 0 0 62 0 0 0 0 0 0 0 0 0 0 0 0 0 0 0 0 0 0 0 19
11077: 0 0 0 0 48 6 4 1 10 6 9 3 4 4 3 4 997 3 0 0 0 1 1 0 0 0 0 0 1 0 0 0 0 0 326 0 0 0 0 0 0 0 0 0 4 0 0 0 0 0 0 0 0 0 79
10467: 0 0 0 0 0 0 0 0 0 0 0 0 0 0 0 0 6 0 0 0 0 0 0 0 0 0 0 0 1 0 0 0 0 0 0 0 0 0 0 0 0 0 0 0 0 0 0 0 0 0 0 0 0 0 0
10378: 0 0 0 0 0 0 2 0 0 1 0 0 0 0 0 0 815 0 0 0 0 0 1 0 0 0 0 0 0 0 0 0 0 0 6 0 0 0 0 0 0 0 0 0 0 0 0 0 0 0 0 0 0 0 0
50358: 0 0 0 0 0 0 0 0 0 0 0 0 0 0 0 0 2295 0 0 0 0 0 0 0 0 0 0 0 0 0 0 0 0 0 1 0 0 0 0 0 0 0 0 0 0 0 0 0 0 0 0 0 0 0 0
10522: 0 0 0 0 0 0 0 0 0 0 0 0 0 0 0 0 39 0 0 0 0 0 0 0 0 0 0 0 0 0 0 0 0 0 0 0 0 0 0 0 0 0 0 0 0 0 0 0 0 0 0 0 0 0 1
10289: 0 0 0 0 0 0 0 0 0 0 0 0 0 0 0 0 10 0 0 0 0 0 0 0 0 0 0 0 0 0 0 0 0 0 3 0 0 0 0 0 0 0 0 0 0 0 0 0 0 0 0 0 0 0 0
10666: 0 0 0 0 1 0 0 0 0 0 0 0 1 0 1 0 58 0 0 0 0 0 1 0 0 0 0 0 0 0 0 0 0 0 0 0 0 0 0 0 0 0 0 0 0 0 0 0 0 0 0 0 0 0 0
10577: 0 0 0 0 3 2 3 5 14 16 34 34 21 25 14 23 227 0 0 0 0 0 0 0 0 0 0 0 0 0 0 0 0 0 22 0 0 0 0 0 0 0 0 0 0 0 0 0 0 0 0 0 0 0 4
10111: 0 0 0 0 0 0 0 0 0 0 1 0 0 0 0 0 82 0 0 0 0 0 0 0 0 0 0 0 0 0 0 0 0 0 15 0 0 0 0 0 0 0 0 0 0 0 0 0 0 0 0 0 0 0 3
10488: 0 0 0 0 1 0 0 0 1 0 0 0 0 0 0 0 52 0 0 0 0 0 0 0 0 0 0 0 0 0 0 2 0 0 1 0 0 0 0 0 0 0 0 0 0 0 0 0 0 0 0 0 0 0 0
11009: 0 0 0 0 2 0 0 0 0 0 1 0 1 2 3 2 1678 0 0 0 0 0 0 0 0 3 0 0 1 0 0 1 0 0 97 1 2 0 0 1 0 0 0 0 0 0 0 1 0 0 0 0 0 1 9
10776: 0 0 0 0 0 0 0 0 4 0 0 0 0 0 0 0 23 0 1 0 0 0 0 0 0 0 0 0 0 0 0 0 0 0 3 0 0 0 0 0 0 0 0 0 0 0 0 0 0 0 0 0 0 0 0
10310: 0 0 0 0 2 0 0 0 0 0 0 0 0 0 0 0 12 0 0 0 0 0 0 0 0 0 0 0 0 0 0 0 0 0 1 0 0 0 0 0 0 0 0 0 0 0 0 0 0 0 0 0 0 0 0
10077: 0 0 0 0 6 0 2 0 3 5 0 4 1 3 1 3 368 1 0 0 0 2 1 0 0 0 0 6 0 0 0 0 0 0 48 0 0 0 0 0 0 0 0 6 0 0 0 0 0 0 0 0 0 0 21
51044: 0 0 0 0 0 0 0 0 0 0 0 0 0 0 0 0 129 0 0 0 0 0 0 0 0 0 0 0 0 0 0 0 0 0 0 0 0 0 0 0 0 0 0 0 0 0 0 0 0 0 0 0 0 0 0
50434: 0 0 0 0 0 0 0 0 0 0 0 0 0 0 1 0 947 0 0 0 0 0 0 0 0 0 0 0 0 0 0 0 0 0 2 0 0 0 0 0 0 0 0 0 0 0 0 0 0 0 0 0 0 0 0
10598: 0 0 0 0 6 0 0 0 0 0 1 2 0 1 1 0 255 0 0 0 0 0 0 0 0 0 1 0 0 0 1 0 0 0 44 0 0 0 0 0 0 0 0 0 0 0 0 0 0 0 0 0 0 0 5
10365: 0 0 0 0 3568 219 212 194 3352 6523 3228 932 709 1522 865 743 53277 17047 3617 3462 3771 3706 2822 1911 1580 1412 2586 2203 1262 1042 911 834 733 649 29703 4558 684 625 462 407 314 342 456 705 271 303 224 210 218 192 204 192 203 157 12888
10742: 0 0 0 0 0 0 0 0 0 0 0 0 0 1 0 0 10 1 0 0 0 0 0 0 0 0 0 0 0 0 0 0 0 0 1 0 0 0 0 0 0 0 0 0 0 0 0 0 0 0 0 0 0 0 0
10043: 0 0 0 0 77 9 12 11 27 24 47 32 14 25 18 14 1442 47 14 8 11 10 11 4 5 10 3 21 4 3 8 5 4 5 311 3 0 1 0 0 0 0 1 14 0 0 1 0 0 0 0 0 0 0 64
90003: 0 0 0 0 194 18 18 13 129 300 153 87 62 117 84 59 23661 92 9 10 5 22 13 15 21 16 47 45 21 14 13 13 8 8 338 29 4 7 5 8 8 11 9 12 8 5 3 5 3 3 4 1 2 1 109
11085: 0 0 0 0 1 0 0 0 0 0 0 0 0 0 0 0 8 0 0 0 0 0 0 0 0 0 0 0 0 0 0 0 0 0 1 0 0 0 0 0 0 0 0 0 0 0 0 0 0 0 0 0 0 0 0
10098: 0 0 0 0 92 7 4 11 37 50 42 38 33 28 39 40 46314 25 7 6 1 6 7 3 5 2 8 106 7 6 2 7 8 9 674 6 0 1 1 0 0 0 3 10 0 1 0 0 1 1 0 0 2 0 236
10386: 0 0 0 0 22 3 2 1 11 9 15 11 7 11 12 12 1026 47 5 5 0 111 45 33 27 34 29 62 26 22 18 15 13 10 671 8 0 54 30 11 17 25 29 35 30 17 7 12 6 6 4 8 3 7 288
1037: 0 0 0 0 0 0 0 0 0 0 0 0 0 0 0 0 7 0 0 0 0 0 0 0 0 0 0 0 0 0 0 0 0 0 4 0 0 0 0 0 0 0 0 0 0 0 0 0 0 0 0 0 0 0 0
11051: 0 0 0 0 0 0 0 0 0 0 0 0 0 0 0 0 15 0 0 0 1 0 0 0 0 1 0 0 0 1 0 0 0 0 3 0 0 0 0 0 0 0 0 0 0 0 0 0 0 0 0 0 0 0 0
10441: 0 0 0 0 0 0 0 0 0 0 0 0 0 0 0 0 1037 1 0 0 0 0 0 0 0 3 2 0 0 0 0 0 0 0 27 0 0 0 0 0 0 0 0 0 0 0 0 0 0 0 0 0 0 0 3
10208: 0 0 0 0 3 0 0 0 1 0 0 0 2 0 0 0 83 3 1 0 0 0 0 0 0 0 1 0 0 1 0 1 0 0 5 0 0 0 0 0 0 0 0 0 0 0 0 0 0 0 0 0 0 0 0
10585: 0 0 0 0 0 0 0 0 0 0 0 0 0 0 0 0 10 0 0 0 0 0 0 0 0 0 0 0 0 0 0 0 0 0 5 0 0 0 0 0 0 0 0 0 0 0 0 0 0 0 0 0 0 0 0
10352: 0 0 0 0 4 0 1 0 1 0 0 0 1 2 2 1 3607 0 0 0 0 41 9 4 3 7 11 6 5 6 6 3 3 4 300 0 0 24 6 9 9 17 10 8 12 10 8 15 9 11 9 7 9 5 323
1003: 0 0 0 0 0 0 0 0 0 0 0 0 0 0 0 0 158 0 0 0 0 0 0 0 56 5 0 0 0 0 0 0 0 0 123 0 0 0 0 0 0 8 0 0 0 0 0 0 0 0 0 0 0 0 24
10119: 0 0 0 0 0 0 0 0 0 0 0 0 0 0 0 0 29 1 0 0 0 0 0 0 0 0 0 0 0 0 0 0 0 0 16 0 0 0 0 0 0 0 0 0 0 0 0 0 0 0 0 0 0 0 4
1058: 0 0 0 0 0 0 0 0 0 0 0 0 0 0 0 0 0 0 0 0 0 0 0 0 0 0 0 0 0 0 0 0 0 0 0 0 0 0 0 0 0 0 0 0 0 0 0 0 0 0 0 0 0 0 0
10407: 0 0 0 0 6856 553 456 331 1805 866 1760 464 374 574 372 343 7333 745 114 82 58 509 128 76 144 108 101 199 67 41 74 41 40 59 2965 172 8 25 19 10 13 8 8 38 8 8 4 4 4 5 3 3 5 5 459
10784: 0 0 0 0 77 15 10 19 43 28 67 60 25 37 35 27 381 3 0 0 0 5 1 0 1 0 1 3 0 0 0 0 0 0 37 0 0 0 0 0 0 0 0 0 0 0 0 0 0 0 0 0 0 0 3
5006: 0 0 0 0 0 0 0 0 0 0 0 0 0 0 0 0 9 0 0 0 0 0 0 0 0 0 0 0 0 0 0 0 0 0 3 0 0 0 0 0 0 0 0 0 0 0 0 0 0 0 0 0 0 0 0
50353: 0 0 0 0 0 0 0 0 0 0 0 0 1 0 0 0 3579 0 0 0 0 0 0 0 0 0 0 0 0 0 0 0 0 0 4 0 0 0 0 0 0 0 0 0 0 0 0 0 0 0 0 0 0 0 0
10140: 0 0 0 0 1 0 0 0 0 0 0 0 0 0 0 0 29 0 0 0 0 0 0 0 1 0 0 0 0 0 0 0 0 0 16 0 0 0 0 0 0 0 0 0 0 0 0 0 0 0 0 0 0 0 4
10517: 0 0 0 0 0 0 0 0 0 0 0 0 0 0 0 0 60 0 0 0 0 0 0 0 0 0 0 0 0 1 0 0 0 0 4 0 0 0 0 0 0 0 0 0 0 0 0 0 0 0 0 0 0 0 0
51107: 0 0 0 0 0 0 0 0 0 0 0 0 0 0 0 0 862 0 0 0 0 0 0 0 0 0 0 0 0 0 0 0 0 0 1 0 0 0 0 0 0 0 0 0 0 0 0 0 0 0 0 0 0 0 0
10051: 0 0 0 0 0 0 0 0 0 1 0 0 0 0 0 0 23 0 0 0 0 0 0 0 7 0 0 0 0 0 0 0 0 0 6 0 0 0 0 0 0 0 0 0 0 0 0 0 0 0 0 0 0 0 0
11038: 0 0 0 0 2 0 0 0 0 0 4 3 3 1 2 4 384 1 0 0 0 0 0 0 0 0 0 0 0 0 0 0 0 1 26 0 0 0 0 0 0 0 0 0 0 0 0 0 0 0 0 0 0 0 0
10195: 0 0 0 0 6 8 7 7 48 25 18 27 18 13 15 14 1983 14 1 2 2 49 9 7 6 9 37 14 11 12 12 7 11 9 1285 2 0 7 3 2 1 2 5 9 4 2 3 1 1 1 0 0 1 1 188
10572: 0 0 0 0 0 0 0 0 0 0 0 0 0 0 0 0 14 0 0 0 0 0 0 0 0 0 0 0 0 0 0 0 0 0 4 0 0 0 0 0 0 0 0 0 0 0 0 0 0 0 0 0 0 0 1
10716: 0 0 0 0 0 0 0 0 0 0 0 0 0 0 0 0 14 0 0 0 0 0 0 0 0 0 0 0 0 0 0 0 0 0 1 0 0 0 0 0 0 0 0 0 0 0 0 0 0 0 0 0 0 0 0
