########## v4.6 -- captura antes da v4.7 ##########
data: Tue Aug 11 11:42:52 -03 2026
uptime_raw: 55441.82 298244.91
release: 4.19.113-NetHunter_matheuslive_r8q_v4.6
screen:   mScreenState=ON

########## SUSPEND ##########
success: 15442
fail: 6313
failed_freeze: 2193
failed_prepare: 0
failed_suspend: 2373
failed_suspend_late: 19
failed_suspend_noirq: 370
failed_resume: 0
failed_resume_early: 0
failed_resume_noirq: 0
failures:
  last_failed_dev:	alarmtimer
			0000:01:00.0
  last_failed_errno:	-16
			-16
  last_failed_step:	suspend
			suspend

########## PSI ##########
--- cpu
some avg10=4.01 avg60=3.70 avg300=3.15 total=3996973157
--- io
some avg10=0.16 avg60=0.29 avg300=0.22 total=555202080
full avg10=0.09 avg60=0.13 avg300=0.09 total=333030286
--- memory
some avg10=0.02 avg60=0.09 avg300=0.08 total=283180794
full avg10=0.00 avg60=0.01 avg300=0.00 total=116053173

########## TIME_IN_STATE (novo na v4.6) ##########
--- cpu0
300000 10756
403200 1556
518400 794
614400 559
691200 1393134
787200 48450
883200 36352
979200 47242
1075200 355558
1171200 330809
1248000 431033
1344000 90044
1420800 71940
1516800 117184
1612800 77010
1708800 63420
1804800 1576825
total_trans=1731392
--- cpu4
710400 3489097
825600 48838
940800 39812
1056000 30340
1171200 183883
1286400 60090
1382400 33134
1478400 34418
1574400 53407
1670400 49564
1766400 24008
1862400 24579
1958400 26234
2054400 17917
2150400 14113
2246400 13893
2342400 27561
2419200 481782
total_trans=2341118
--- cpu7
844800 3924091
960000 12983
1075200 113593
1190400 53284
1305600 17795
1401600 21465
1516800 14088
1632000 18400
1747200 16566
1862400 10244
1977600 12228
2073600 7480
2169600 6946
2265600 6802
2361600 6388
2457600 6137
2553600 5854
2649600 8262
2745600 5731
2841600 384336
total_trans=1874035

########## CPUIDLE ##########
cpu0: C0[usage=33782876 time=18697073002] C1[usage=2217848 time=11929875024] 
cpu1: C0[usage=20141590 time=16272251721] C1[usage=1928993 time=15467104091] 
cpu2: C0[usage=20201046 time=16548092072] C1[usage=1972055 time=15301676083] 
cpu3: C0[usage=29056905 time=23764692369] C1[usage=2262444 time=12513973066] 
cpu4: C0[usage=10741360 time=8093523452] C1[usage=1237962 time=32352630235] 
cpu5: C0[usage=11024587 time=8491320520] C1[usage=1499790 time=31723526423] 
cpu6: C0[usage=14697810 time=34287525867] C1[usage=20187 time=5245531222] 
cpu7: C0[usage=5477722 time=6082665370] C1[usage=80113 time=34876983637] 

########## WAKEUPS (top por total_time) ##########
name		active_count	event_count	wakeup_count	expire_count	active_since	total_time	max_time	last_change	prevent_suspend_time
998000.qcom,qup_uart	29443		30055		6379		1		478		22294427		13165		46528959		0
hal_bluetooth_lock	15175		15175		887		0		477		22062447		13164		46528961		0
nfc_wake_lock	195		37997		622		1		1210911		18280615		3493727		45318526		0
qcom_rx_wakelock	94777		2721770		47748		94776		39		8729916		112301		46529398		0
pca9468-charger-monitor	4		4		0		0		0		5509745		2176037		32041403		0
alarmtimer  	728		728		728		728		0		1465313		2029		45311968		0
[timerfd]   	30884		30884		15442		0		0		1405236		184		45314005		0
sec-battery-monitor	19829		19829		17969		0		0		880751		361		46517374		0
scan_wake_lock	438		446		16		215		0		551030		4976		45365920		0
wlan        	411		413		1		293		0		349416		1027		45856882		0
smp2p-sleepstate	1293		1293		41		1293		0		256271		203		46501524		0
tsp_wakelock	272		1111		113		272		0		225770		9850		45316576		0
wlan_pno_wl 	123		140		16		54		0		132579		2456		45108192		0
gw9558_wake_lock	160		160		6		0		0		119724		2170		45316831		0
sec-battery-vbus	9		9		0		9		0		90863		10221		36317152		0

########## MEM ##########
MemTotal:        5759400 kB
MemFree:          222748 kB
MemAvailable:    1549656 kB
Buffers:            2296 kB
Cached:          1511808 kB
2593452032 779388286 815591424        0 1053007872    43247  2411076    37129        0        0

########## /proc/stat ##########
cpu  2672123 541646 2975536 29671588 113535 355977 121771 0 0 0
cpu0 503948 121146 622272 3002291 22373 185620 60071 0 0 0
cpu1 542791 140453 563637 3209661 12453 37134 13884 0 0 0
cpu2 529953 138898 563274 3221248 13135 37457 14143 0 0 0
cpu3 178823 18312 532221 3645343 17192 44441 19425 0 0 0
cpu4 229003 28198 164871 4158174 13466 13282 4237 0 0 0
cpu5 231197 27378 174990 4143954 12868 14144 3812 0 0 0
cpu6 264648 28300 197444 4076379 14469 15312 3916 0 0 0
cpu7 191756 38959 156823 4214534 7577 8584 2279 0 0 0
intr 305573011 0 0 0 55767043 0 4163827 0 78821 0 1493 1465 965 675 0 0 728096 646348 35 0 0 17237113 1354168 55418 3786931 0 0 11186330 328 96 0 0 0 0 0 0 0 0 0 0 4659 0 0 0 131 0 0 0 0 0 0 4398 1186774 0 0 0 0 0 0 0 204110 0 0 4887 2673 149586 374010 1098798 0 0 0 4 0 0 1554 0 0 0 542907 0 0 0 0 0 0 0 0 0 0 0 0 0 0 0 0 0 0 0 0 0 0 320 0 0 0 0 0 0 0 0 0 0 0 0 0 27608 0 0 0 0 0 0 0 0 0 0 0 0 0 0 0 0 0 0 0 0 0 0 0 0 0 0 0 0 0 0 0 0 0 0 0 0 62914 0 0 0 0 0 0 0 0 0 0 0 0 0 0 0 0 0 0 0 0 0 0 0 0 0 0 0 0 0 0 0 0 0 0 0 0 0 0 0 0 0 0 0 0 0 0 0 0 0 0 0 0 0 0 0 0 0 0 0 0 0 0 0 0 0 0 0 0 0 0 0 0 0 0 0 0 0 0 0 0 0 0 0 0 0 0 0 0 0 0 0 0 0 0 0 0 0 0 0 0 0 0 0 0 0 0 0 0 0 0 0 0 0 0 0 0 0 0 0 0 0 0 0 0 0 0 0 0 0 0 0 0 0 0 0 0 0 0 0 0 0 0 0 0 0 4 3019 3 2 0 4 0 0 0 2454642 0 0 0 0 0 0 28644 583 0 12655 20 33 1210 4665 4984 114045 0 2 0 2 19560 4 0 11793 464738 49857 4944775 1 557 0 0 7 966 38735 12300 618 2106 0 224947 15400 0 0 5 17 1403277 0 0 0 0 0 0 0 4 2 1 0 1 0 1 0 1 0 1 0 1 0 1293 2673 3 0 0 0 0 0 0 0 0 0 0 0 6 0 0 2744 0 6 0 1 6 6 0 12 6 368 0 0 6 0 0 1292 1289 3 0 0 0 0 0 0 0 0 0 0 171392 0 16 35034 1305 6 49 1190026 298703 0 1390 0 0 0 0 12585 423814 588694 0 0 0 0 142815 0 0 0 0 0 0 0 0 0 0 0 542 37318 0 1 0 1 197 709 0 0 0 0 0 0 18086 4887 11146 1461384 150 1552165 4 44 1898 92353 7 20038 8553 0 637 9073 0 0 0 0 0 0 0 0
