uid: 300000 403200 518400 614400 691200 787200 883200 979200 1075200 1171200 1248000 1344000 1420800 1516800 1612800 1708800 1804800 710400 825600 940800 1056000 1171200 1286400 1382400 1478400 1574400 1670400 1766400 1862400 1958400 2054400 2150400 2246400 2342400 2419200 844800 960000 1075200 1190400 1305600 1401600 1516800 1632000 1747200 1862400 1977600 2073600 2169600 2265600 2361600 2457600 2553600 2649600 2745600 2841600
0: 987 245 183 176 238193 20668 15073 15921 66184 71802 70880 36064 27601 35194 31839 27461 487092 27328 2746 7054 3445 14129 9079 3030 1750 6415 2746 2183 1325 1537 1122 1091 980 2341 82581 6678 2084 680 447 402 265 225 530 784 240 384 253 212 252 237 210 186 273 277 55094
10480: 0 0 0 0 0 0 0 0 1 0 0 0 0 0 0 0 3 0 0 0 0 0 0 0 0 0 0 0 0 0 0 0 0 0 0 0 0 0 0 0 0 0 0 0 0 0 0 0 0 0 0 0 0 0 0
10391: 0 0 0 0 1 0 1 0 1 10 8 4 3 5 4 4 3551 1 0 1 0 0 0 0 1 0 0 0 0 0 0 0 0 0 70 1 0 0 0 0 0 0 0 0 0 0 0 0 0 0 0 0 0 0 10
10768: 0 0 0 0 0 0 0 0 0 0 0 0 1 1 0 3 3 0 0 0 0 0 0 0 0 0 0 0 0 0 0 0 0 0 3 0 0 0 0 0 0 0 0 0 0 0 0 0 0 0 0 0 0 0 0
10535: 0 0 0 0 1 0 0 0 0 3 0 0 0 1 3 1 80 0 0 0 0 0 0 3 0 0 0 1 1 0 0 0 1 0 51 0 0 0 0 0 0 0 0 0 0 0 0 0 0 0 0 0 0 1 16
50515: 0 0 0 0 0 0 0 0 0 0 0 0 0 0 0 0 1921 0 0 0 0 0 1 0 0 0 0 0 0 0 0 0 0 0 1 0 0 0 0 0 0 0 0 0 0 0 0 0 0 0 0 0 0 0 0
11056: 0 0 0 0 6 2 0 0 1 1 1 2 0 0 0 3 32 0 0 0 0 0 0 0 0 0 0 1 0 0 0 0 0 0 4 0 0 0 0 0 0 0 0 0 0 0 0 0 0 0 0 0 0 0 0
10357: 0 0 0 0 104 6 7 4 74 379 52 34 20 32 28 25 5831 227 19 32 21 348 163 128 93 117 160 164 109 92 111 101 112 120 2856 19 1 162 98 111 71 70 89 140 97 112 102 108 113 104 100 100 115 104 1549
10734: 0 0 0 0 0 0 0 0 0 0 0 0 0 0 0 0 32 0 0 0 0 0 0 0 0 0 0 0 0 0 0 0 0 0 0 0 0 0 0 0 0 0 0 0 0 0 0 0 0 0 0 0 0 0 1
10124: 0 0 0 0 0 0 0 1 2 0 0 0 0 0 0 0 477 1 0 0 0 0 0 0 0 1 0 0 0 0 0 0 0 0 25 0 0 0 0 0 0 0 0 0 0 0 0 0 0 0 0 0 0 0 8
10501: 0 0 0 0 3 0 0 0 0 0 0 0 0 0 0 1 7 0 0 0 0 0 0 1 0 0 0 0 1 0 0 0 0 0 1 0 0 0 0 0 0 0 0 0 0 0 0 0 0 0 0 0 0 0 0
10556: 0 0 0 0 98 16 14 13 114 132 151 84 51 83 60 65 10532 1 2 0 0 2 0 1 2 2 1 1 0 1 3 2 1 2 710 2 0 0 0 0 0 0 0 0 0 3 0 0 1 1 2 0 2 1 129
10700: 0 0 0 0 7 0 1 1 1 3 5 4 3 1 4 1 131 2 0 0 0 1 0 0 0 0 0 0 0 0 0 0 0 0 47 0 0 0 0 0 0 0 0 0 0 0 0 0 0 0 0 0 0 0 10
11077: 0 0 0 0 3 0 0 0 0 3 3 0 1 1 1 0 928 1 0 0 0 3 0 0 0 0 0 0 0 0 1 0 0 0 254 0 0 0 0 0 0 0 0 0 0 0 0 0 0 0 0 0 0 0 48
10467: 0 0 0 0 0 0 0 0 0 0 0 0 0 0 0 0 3 0 0 0 0 0 0 0 0 0 0 0 0 0 0 0 0 0 0 0 0 0 0 0 0 0 0 0 0 0 0 0 0 0 0 0 0 0 0
1029: 0 0 0 0 0 0 0 0 0 0 0 0 0 0 0 0 0 0 0 0 0 0 0 0 0 0 0 0 0 0 0 0 0 0 0 0 0 0 0 0 0 0 0 0 0 0 0 0 0 0 0 0 0 0 0
10378: 0 0 0 0 0 0 0 0 0 0 0 0 0 0 0 0 792 0 0 0 0 0 0 0 0 0 0 0 0 0 0 0 0 0 4 0 0 0 0 0 0 0 0 0 0 0 0 0 0 0 0 0 0 0 1
50358: 0 0 0 0 0 0 0 0 0 0 0 0 0 0 0 0 2443 0 0 0 0 0 0 0 0 0 0 0 0 0 0 0 0 0 1 0 0 0 0 0 0 0 0 0 0 0 0 0 0 0 0 0 0 0 0
10145: 0 0 0 0 132 15 13 6 16 56 38 7 5 21 7 10 147 0 0 0 0 0 0 1 1 0 0 0 0 0 0 0 0 0 11 0 0 0 0 0 0 0 0 0 0 0 0 0 0 0 0 0 0 0 1
99077: 0 0 0 0 5 1 2 0 3 3 4 1 5 3 3 1 90 1 0 0 0 1 1 1 0 0 0 0 1 0 0 0 0 0 39 0 0 0 0 0 0 0 0 0 0 0 0 0 0 0 0 0 0 0 3
10522: 0 0 0 0 0 0 0 0 0 0 0 0 0 0 0 0 35 0 0 0 0 0 0 0 0 0 0 0 0 0 0 0 0 0 0 0 0 0 0 0 0 0 0 0 0 0 0 0 0 0 0 0 0 0 1
10289: 0 0 0 0 3 0 0 0 0 0 0 0 0 1 0 0 6 0 0 0 0 0 0 0 0 0 0 0 1 0 0 0 0 0 2 0 0 0 0 0 0 0 0 0 0 0 0 0 0 0 0 0 0 0 0
10666: 0 0 0 0 0 0 0 0 0 0 0 0 0 0 0 0 52 0 0 0 0 0 0 0 0 0 0 0 0 0 0 0 0 0 1 0 0 0 0 0 0 0 0 0 0 0 0 0 0 0 0 0 0 0 1
10200: 0 0 0 0 0 0 0 0 0 0 0 0 0 0 0 0 5 0 0 0 0 0 0 0 0 0 0 0 0 0 0 0 0 0 6 0 0 0 0 0 0 0 0 0 0 0 0 0 0 0 0 0 0 0 2
10577: 0 0 0 0 1 0 1 3 5 4 9 6 6 5 4 5 66 0 0 0 0 0 0 0 0 0 0 0 0 0 0 0 0 0 13 0 0 0 0 0 0 0 0 0 0 0 0 0 0 0 0 0 0 0 0
10111: 0 0 0 0 0 0 0 0 0 1 1 0 0 0 0 0 96 0 0 0 0 0 0 0 1 0 0 0 0 0 0 0 0 0 10 0 0 0 0 0 0 0 0 0 0 0 0 0 0 0 0 0 0 0 0
10488: 0 0 0 0 0 0 0 0 0 1 0 0 0 0 0 0 28 0 0 0 0 0 0 0 0 0 0 0 0 0 1 0 0 0 0 0 0 0 0 0 0 0 0 0 0 1 0 0 0 0 0 0 0 0 0
11009: 0 0 0 0 0 0 0 0 1 1 0 0 3 3 2 5 1211 0 0 0 0 0 0 0 0 0 0 0 0 0 1 0 0 0 58 0 0 0 0 0 0 0 0 0 0 0 0 0 0 0 0 0 0 3 15
10776: 0 0 0 0 0 0 0 0 0 0 0 0 0 0 0 0 8 0 0 0 0 0 0 0 0 0 0 0 0 0 0 0 0 0 1 0 0 0 0 0 0 0 0 0 0 0 0 0 0 0 0 0 0 0 2
10077: 0 0 0 0 8 0 0 0 0 4 1 1 1 1 1 0 254 0 0 0 0 1 0 0 0 0 0 2 0 0 0 0 0 0 45 0 0 0 0 0 0 0 0 1 0 0 0 0 0 0 0 0 0 0 21
10598: 0 0 0 0 1 0 0 1 1 1 3 2 0 0 2 1 230 0 0 0 0 0 0 0 0 1 1 0 0 0 1 0 0 0 33 0 0 0 0 0 0 0 0 0 0 0 0 0 0 0 0 0 0 0 6
10365: 0 0 0 0 34 3 1 0 5 47 8 7 4 6 3 6 3997 0 0 0 0 0 0 0 0 0 0 0 0 1 0 0 0 0 15 0 0 0 0 0 0 0 0 2 0 0 0 0 0 0 0 0 0 0 1
10043: 0 0 0 0 14 2 2 2 9 9 18 8 8 11 6 6 542 16 3 6 2 5 3 1 1 1 3 4 1 2 1 1 2 1 103 4 0 2 1 1 0 0 0 0 0 0 0 0 0 0 0 1 0 0 38
90003: 0 0 0 0 0 0 0 0 6 0 0 1 0 0 0 2 89 0 0 0 0 0 0 0 0 0 0 3 0 0 0 1 0 0 41 0 0 0 0 0 0 0 0 0 0 0 0 0 0 0 0 1 0 0 5
10098: 0 0 0 0 38 6 11 1 16 67 17 23 16 23 24 27 26108 7 1 2 17 4 4 1 1 1 5 5 1 2 2 1 5 5 317 3 3 1 0 0 0 0 1 0 0 0 1 0 0 0 0 0 0 0 147
10386: 0 0 0 0 9 1 2 3 3 3 7 5 5 4 8 5 527 1 0 1 1 4 4 1 1 3 2 0 1 1 0 0 0 1 326 0 0 5 1 0 0 0 0 0 0 0 0 0 0 0 0 0 0 0 172
1037: 0 0 0 0 0 0 0 0 0 0 0 0 0 0 0 0 13 0 0 6 0 0 0 0 0 0 0 0 0 0 0 0 0 0 0 0 0 0 0 0 0 0 0 0 0 0 0 0 0 0 0 0 0 0 0
50366: 0 0 0 0 0 0 0 0 0 0 0 0 0 0 0 0 3072 0 0 0 0 0 0 0 0 0 0 0 0 0 0 0 0 0 1 0 0 0 0 0 0 0 0 0 0 0 0 0 0 0 0 0 0 0 1
10441: 0 0 0 0 0 0 0 0 2 1 9 4 3 7 7 3 572 0 0 0 0 0 0 0 0 0 0 0 0 0 0 0 0 0 22 0 0 0 0 0 0 0 0 0 0 0 0 0 0 0 0 0 0 0 0
10208: 0 0 0 0 2 0 0 0 0 0 0 0 1 0 0 0 36 1 0 0 0 0 0 0 0 1 0 0 0 0 0 0 0 0 5 0 0 0 0 0 0 0 0 0 0 0 0 0 0 0 0 0 0 0 1
10585: 0 0 0 0 0 0 0 0 0 0 0 0 0 0 0 0 6 0 0 0 0 0 0 0 0 0 0 0 0 0 0 0 0 0 1 0 0 0 0 0 0 0 0 0 0 0 0 0 0 0 0 0 0 0 0
1003: 0 0 0 0 0 0 0 0 0 0 0 0 0 0 0 0 55 0 0 324 9 0 0 0 0 0 0 0 0 0 0 0 0 0 50 0 61 0 0 0 0 0 0 0 0 0 0 0 0 0 0 0 0 0 5
10729: 0 0 0 0 0 0 0 0 0 0 0 0 0 0 0 0 5 0 0 0 0 0 0 0 0 0 0 0 0 0 0 0 0 0 5 0 0 0 0 0 0 0 0 0 0 0 0 0 0 0 0 0 0 0 9
10119: 0 0 0 0 0 0 0 0 0 0 0 0 0 0 0 0 30 0 0 0 0 0 0 0 0 0 0 0 0 0 0 0 0 0 14 0 0 0 0 0 0 0 0 0 0 0 0 0 0 0 0 0 0 0 3
50476: 0 0 0 0 0 0 0 0 0 0 0 0 0 0 0 0 1008 0 0 0 0 0 0 0 0 0 0 0 0 0 0 0 0 0 2 0 0 0 0 0 0 0 0 0 0 0 0 0 0 0 0 0 0 0 0
50243: 0 0 0 0 0 0 0 0 0 0 0 0 0 0 0 1 2542 0 0 0 0 1 0 0 0 0 0 1 0 0 0 0 0 0 0 0 0 0 0 0 0 0 0 0 0 0 0 0 0 0 0 0 0 0 0
10407: 0 0 0 0 580 40 22 18 143 67 145 30 26 34 25 13 802 63 11 6 18 40 9 9 5 9 6 12 5 7 6 6 3 9 499 4 5 4 1 1 0 1 0 1 2 1 1 1 0 1 2 1 1 2 108
5006: 0 0 0 0 0 0 0 0 0 0 0 0 0 0 0 0 7 0 0 0 0 0 0 0 0 0 0 0 0 0 0 0 0 0 3 0 0 0 0 0 0 0 0 0 0 0 0 0 0 0 0 0 0 0 0
10140: 0 0 0 0 0 0 0 0 1 0 0 0 1 0 0 1 97 0 0 0 9 1 0 0 0 0 0 0 0 0 0 0 0 0 176 0 1 0 0 0 0 0 0 0 0 0 0 0 0 0 0 0 0 0 91
10051: 0 0 0 0 0 0 0 0 0 0 0 0 0 0 0 0 31 0 0 2 0 0 0 0 0 0 0 0 0 0 0 0 0 0 15 0 3 0 0 0 0 0 0 0 0 0 0 0 0 0 0 0 0 0 0
11038: 0 0 0 0 0 0 0 0 0 0 0 0 0 0 0 0 154 0 0 0 0 0 0 0 0 1 0 0 0 0 0 0 0 2 2 0 0 0 0 0 0 0 0 0 0 0 0 0 0 0 0 0 0 0 0
10195: 0 0 0 0 0 0 0 0 0 0 0 0 0 0 0 0 474 1 0 0 34 1 0 0 1 0 0 0 1 1 1 0 1 1 88 0 0 0 0 0 0 0 0 0 0 0 0 0 0 0 0 0 0 0 43
10572: 0 0 0 0 0 0 0 0 0 0 0 0 0 0 0 0 9 0 0 0 0 0 0 0 0 0 0 0 0 0 0 0 0 0 6 0 0 0 0 0 0 0 0 0 0 0 0 0 0 0 0 0 0 0 2
10106: 0 0 0 0 0 0 0 0 0 0 0 0 0 0 0 0 671 0 0 0 18 3 0 0 0 0 0 0 0 0 0 0 0 0 91 0 4 1 0 0 0 0 0 0 0 0 0 0 0 0 0 0 0 0 38
10394: 0 0 0 0 0 0 0 0 0 0 0 0 0 1 0 1 55 0 0 0 0 0 0 0 0 0 0 0 0 0 0 0 0 0 26 0 0 0 0 0 0 0 0 0 0 0 0 0 0 0 0 0 0 0 0
10072: 0 0 0 0 0 0 0 0 0 0 0 0 0 0 0 0 13 0 0 0 0 0 0 0 0 0 0 0 0 0 0 0 0 0 1 0 0 0 0 0 0 0 0 0 0 0 0 0 0 0 0 0 0 0 0
10449: 0 0 0 0 0 0 0 0 0 0 0 0 0 0 0 0 3 0 0 0 0 0 0 0 0 0 0 0 0 0 0 0 0 0 0 0 0 0 0 0 0 0 0 0 0 0 0 0 0 0 0 0 0 0 0
10360: 0 0 0 0 20 2 0 1 11 14 11 7 6 5 8 5 5401 3 0 1 0 1 1 1 0 0 1 0 0 1 0 0 0 0 279 0 0 0 0 0 0 0 0 0 0 0 0 0 0 0 0 0 0 0 88
1066: 1 0 1 1 1173 238 219 219 674 686 585 335 253 314 271 260 5213 1445 130 115 93 239 85 55 46 102 80 40 40 38 28 23 22 36 1488 19 15 5 6 4 2 1 3 4 2 2 1 2 1 3 1 2 2 1 156
10559: 8 2 0 0 457 171 200 280 623 525 779 844 691 993 1049 1075 259618 687 119 97 119 181 189 170 106 301 253 180 127 203 148 170 174 162 15703 578 107 162 103 143 111 84 252 175 102 173 134 133 161 165 162 162 228 232 25177
11080: 0 0 0 0 0 0 0 0 0 0 0 0 0 0 0 0 25 0 0 0 0 0 0 0 0 0 0 0 0 0 0 0 0 0 8 0 0 0 0 0 0 0 0 0 0 0 0 0 0 0 0 0 0 0 0
10991: 0 0 0 0 23 4 4 6 12 24 37 25 21 15 14 18 363 30 0 0 0 25 6 5 6 7 12 13 10 10 20 11 14 9 476 3 0 6 6 5 3 3 8 10 7 7 8 10 9 8 8 8 7 10 370
10525: 0 0 0 0 0 0 0 0 0 0 0 0 0 0 0 0 366 0 0 0 0 0 0 0 0 0 0 1 0 0 0 0 0 0 6 0 0 0 0 0 0 0 0 0 0 0 0 0 0 0 0 0 0 0 0
10347: 0 0 0 0 0 0 0 0 0 0 0 0 0 0 3 0 4 0 0 0 0 0 0 0 0 0 0 0 0 0 0 0 0 0 3 0 0 0 0 0 0 0 0 0 0 0 0 0 0 0 0 0 0 0 0
10402: 0 0 0 0 0 0 0 0 0 0 0 0 0 0 0 0 3 0 0 0 0 0 0 0 0 0 0 0 0 0 0 0 0 0 0 0 0 0 0 0 0 0 0 0 0 0 0 0 0 0 0 0 0 0 0
1053: 0 0 0 0 8 7 13 8 11 9 23 19 14 7 5 3 84 65 6 7 3 2 1 0 1 1 1 1 0 0 1 0 0 0 21 1 1 0 0 0 0 0 0 0 0 0 0 0 0 0 0 0 0 0 1
10457: 0 0 0 0 9 3 0 0 1 1 1 3 2 2 3 0 747 1 1 0 0 0 0 0 0 0 0 0 0 0 0 0 0 0 11 0 0 0 0 0 0 0 0 0 0 0 0 0 0 0 0 0 0 0 0
51047: 0 0 0 0 0 0 0 0 0 0 0 1 0 0 0 1 1220 0 0 0 0 0 0 0 0 0 0 0 0 0 0 0 0 0 0 0 0 0 0 0 0 0 0 0 0 0 0 0 0 0 0 0 0 0 0
10224: 0 0 0 0 0 0 0 0 0 0 0 0 0 0 0 0 136 0 0 0 0 0 0 0 0 0 0 0 0 0 0 0 0 0 13 0 0 0 0 0 0 0 0 0 0 0 0 0 0 0 0 0 0 0 3
10368: 32 5 4 1 5040 595 568 576 2078 2770 2455 1444 1140 1783 1538 1476 83222 11 0 4 21 2 1 0 1 1 0 2 1 1 2 0 1 2 190 0 12 0 0 0 0 0 0 1 1 0 0 0 0 1 0 0 0 0 47
1019: 0 0 0 0 0 0 0 0 0 0 0 0 0 0 0 0 7 1 0 0 0 0 0 0 0 0 0 0 0 0 0 0 0 0 8 0 0 0 0 0 0 0 0 0 0 0 0 0 0 0 0 0 0 0 0
10745: 0 0 0 0 0 0 0 0 0 0 0 0 0 0 0 0 10 0 0 0 0 0 0 0 0 0 0 0 0 0 0 0 0 0 4 0 0 0 0 0 0 0 0 0 0 0 0 0 0 0 0 0 0 0 0
10101: 28 1 0 0 36 0 0 1 2 7 4 1 0 0 1 2 1826 0 0 0 0 11 11 1 4 5 6 4 4 4 5 5 6 5 203 0 0 3 6 2 6 1 5 2 3 5 5 5 9 10 7 10 9 11 184
10999: 0 0 0 0 0 0 0 0 0 0 0 0 0 0 0 1 5 0 0 0 0 0 0 0 0 0 0 0 0 0 0 0 0 0 0 0 0 0 0 0 0 0 0 0 0 0 0 0 0 0 0 0 0 0 0
10389: 0 0 0 0 0 0 0 0 0 2 0 0 1 2 1 0 527 2 0 0 0 0 0 0 0 0 1 0 0 0 0 0 1 0 25 0 0 0 0 0 0 0 0 0 0 0 0 0 0 0 0 0 0 0 13
1040: 0 0 0 0 0 0 0 0 0 8 1 0 3 0 3 2 143 0 0 12 0 1 0 0 1 0 0 2 0 0 0 1 1 1 178 0 0 0 0 0 0 0 0 0 0 0 0 0 0 0 0 0 0 0 53
10677: 0 0 0 0 4 0 0 0 1 14 0 2 1 1 1 2 1839 2 0 0 0 0 0 0 0 0 0 0 0 0 1 0 0 0 63 0 0 0 0 0 0 0 0 0 0 0 0 0 0 0 0 0 0 0 7
10067: 0 0 0 0 0 0 0 0 0 0 0 0 0 0 0 0 9 0 0 0 0 0 0 0 0 0 0 0 0 0 0 0 0 0 0 0 0 0 0 0 0 0 0 0 0 0 0 0 0 0 0 0 0 0 2
10211: 0 0 0 0 12 16 16 24 37 36 65 39 23 21 21 14 141 71 1 5 0 2 1 0 0 0 0 0 0 0 0 0 0 0 13 0 0 0 0 0 0 0 0 0 0 0 0 0 0 0 0 0 0 0 0
10355: 0 0 0 0 1143 105 87 84 239 788 1900 275 231 352 339 304 4775 17325 2232 1699 1276 1367 722 460 419 353 512 274 282 718 184 166 148 122 3878 293 29 37 23 20 15 13 13 14 10 9 6 4 3 3 3 2 3 5 498
10499: 0 0 0 0 0 0 0 0 0 0 1 0 0 0 0 0 7 0 0 0 0 0 0 0 0 0 0 0 0 0 0 0 0 0 3 0 0 0 0 0 0 0 0 0 0 0 0 0 0 0 0 0 0 0 0
10266: 0 0 0 0 9 2 1 1 21 13 17 16 9 16 22 22 1306 549 79 40 127 71 34 34 27 43 58 41 33 40 27 33 28 29 2343 14 44 6 3 4 5 6 10 9 4 10 4 7 9 8 3 8 13 30 1048
10410: 0 0 0 0 63 16 18 16 45 145 87 70 45 81 49 49 6560 58 1 1 48 385 157 153 288 214 480 265 258 213 348 199 181 224 3457 8 12 7 466 211 287 142 155 156 131 239 92 94 93 83 69 57 62 51 995
5009: 0 0 0 0 719 34 37 35 116 55 73 47 34 47 41 44 11953 93 15 16 59 12 11 9 9 14 23 11 21 9 18 18 22 20 5392 13 17 2 1 2 0 1 2 0 0 1 0 0 1 7 19 3 0 1 975
5386: 0 0 0 0 0 0 0 0 0 0 0 0 0 0 0 0 6 0 0 0 0 0 0 0 0 0 0 0 0 0 0 0 0 0 7 0 0 0 0 0 0 0 0 0 0 0 0 0 0 0 0 0 0 0 1
9999: 0 0 0 0 188 63 52 58 115 55 76 76 41 45 32 32 484 0 0 0 0 0 0 0 0 0 0 0 0 0 0 0 0 0 0 0 0 0 0 0 0 0 0 0 0 0 0 0 0 0 0 0 0 0 0
1027: 0 0 0 0 59 21 16 20 86 49 41 38 27 20 22 18 458 53 2 50 20 3 1 3 0 2 2 3 0 2 1 1 0 1 247 1 8 0 0 0 0 0 0 0 0 0 0 0 0 0 0 0 0 0 63
10753: 0 0 0 0 0 0 0 0 0 0 0 0 0 0 0 0 5 0 0 0 1 0 0 0 0 0 0 0 0 0 0 0 0 0 3 0 1 0 0 0 0 0 0 0 0 0 0 0 0 0 0 0 0 0 0
10664: 0 0 0 0 0 0 0 0 0 0 0 0 0 0 0 0 250 1 0 0 0 0 1 0 0 0 0 0 0 1 0 0 0 0 13 0 0 0 0 0 0 0 0 0 0 0 0 0 0 0 0 0 0 0 1
10054: 0 0 0 0 0 0 0 0 0 0 0 0 0 0 0 0 35 0 0 0 0 0 0 0 0 0 0 0 0 0 0 0 0 0 5 0 0 0 0 0 0 0 0 0 0 0 0 0 0 0 0 0 0 0 1
10198: 0 0 0 0 0 0 0 0 0 0 1 0 0 0 0 0 2 0 0 0 0 0 0 0 0 0 0 0 0 0 0 0 0 0 3 0 0 0 0 0 0 0 0 0 0 0 0 0 0 0 0 0 0 0 0
10575: 0 0 0 0 0 0 0 0 1 0 1 0 0 0 0 0 11 0 0 0 0 0 0 0 0 0 0 0 0 0 0 0 0 0 14 0 0 0 0 0 0 0 0 0 0 0 0 0 0 0 0 0 0 0 0
10397: 0 0 0 0 16 2 4 9 21 24 64 39 24 27 21 22 638 0 0 0 0 0 0 0 0 0 0 3 0 0 0 0 0 0 8 0 0 0 0 0 0 0 0 0 0 0 0 0 0 0 0 0 0 0 2
50377: 0 0 0 0 0 0 0 0 0 0 0 0 0 0 0 0 176 0 0 0 0 0 0 0 0 0 0 0 0 0 0 0 0 0 6 0 0 0 0 0 0 0 0 0 0 0 0 0 0 0 0 0 0 0 0
10685: 0 0 0 0 0 0 0 0 0 0 0 0 0 0 0 0 3 0 0 0 0 0 0 0 0 0 0 0 0 0 0 0 0 0 1 0 0 0 0 0 0 0 0 0 0 0 0 0 0 0 0 0 0 0 0
11062: 0 0 0 0 0 0 0 0 0 1 0 0 0 0 0 0 26 1 0 0 0 0 0 0 0 0 0 0 0 0 0 0 0 0 9 0 0 0 0 0 0 0 0 0 0 0 0 0 0 0 0 0 0 0 0
10219: 0 0 0 0 0 0 0 0 0 0 0 0 0 0 0 0 30 0 0 0 0 0 0 0 0 0 0 3 0 0 0 0 0 0 5 0 0 0 0 0 0 0 0 0 0 0 0 0 0 0 0 0 0 0 3
10363: 0 0 0 0 2 0 0 0 0 0 0 0 0 3 0 1 80 0 0 0 0 0 0 0 0 0 0 3 0 0 0 0 0 0 7 0 0 0 0 0 0 0 0 0 0 0 0 0 0 0 0 0 0 0 0
1069: 1 0 1 0 956 200 166 166 439 651 424 297 205 317 287 267 12547 0 0 0 0 0 0 0 0 0 0 0 0 0 0 0 0 0 0 0 0 0 0 0 0 0 0 0 0 0 0 0 0 0 0 0 0 0 0
10096: 0 0 0 0 0 1 0 0 0 0 0 0 0 0 0 0 362 15 1 4 0 1 2 1 0 1 2 1 1 0 0 0 1 1 237 0 0 0 0 0 0 0 0 0 0 0 0 0 0 0 0 0 0 0 167
10384: 0 0 0 0 14 1 0 0 8 3 12 9 4 9 9 5 312 6 2 0 0 0 2 0 0 3 1 5 0 0 2 0 0 0 90 1 0 0 0 0 0 0 0 0 0 0 0 0 0 0 0 0 0 0 16
50364: 0 0 0 0 0 0 0 0 0 0 0 0 0 0 0 0 1938 0 0 0 0 0 0 0 0 0 0 0 0 0 0 0 0 0 0 0 0 0 0 0 0 0 0 0 0 0 0 0 0 0 0 0 0 0 0
10151: 0 0 0 0 1 0 0 0 0 1 0 0 0 0 0 0 32 0 0 0 0 1 0 0 1 0 0 0 0 0 0 0 0 0 5 0 0 0 0 0 0 0 0 0 0 0 0 0 0 0 0 0 0 0 0
10062: 0 0 0 0 0 0 0 0 5 120 12 19 11 6 8 14 2542 0 0 0 0 2 0 0 0 0 0 0 3 2 4 0 2 3 425 0 0 0 0 0 0 0 0 1 0 0 0 0 0 1 0 0 0 0 88
11049: 0 0 0 0 0 0 0 0 0 0 0 0 0 0 0 0 7 0 0 0 0 0 0 0 0 0 0 0 0 0 0 0 0 0 8 0 0 0 0 0 0 0 0 0 0 0 0 0 0 0 0 0 0 0 0
10439: 0 0 0 0 0 0 0 0 0 0 0 0 0 0 1 0 6 0 0 0 0 0 0 0 0 0 0 0 0 0 0 0 0 0 4 0 0 0 0 0 0 0 0 0 0 0 0 0 0 0 0 0 0 0 0
50419: 0 0 0 0 0 0 0 0 0 0 0 0 0 0 0 0 130 0 0 0 0 0 0 0 0 0 0 0 0 0 0 0 0 0 5 0 0 0 0 0 0 0 0 0 0 0 0 0 0 0 0 0 0 0 0
10350: 0 0 0 0 5 1 0 1 2 1 9 7 6 6 12 9 1973 2 0 0 0 0 0 0 0 0 0 0 0 0 0 0 0 1 39 0 0 0 0 0 0 0 0 0 0 0 0 0 0 0 0 0 0 0 9
1001: 43 17 6 5 4218 1646 1517 1340 2980 1938 3821 2179 1360 1432 1097 917 12883 2762 160 101 196 782 162 109 163 173 172 112 103 88 94 69 64 190 4378 92 58 56 20 18 13 15 21 22 7 15 11 10 10 12 8 8 15 14 878
11104: 0 0 0 0 0 0 0 0 0 0 0 0 0 0 1 0 20103 2 0 0 0 0 2 0 0 0 0 0 0 0 1 0 1 1 480 0 0 0 0 0 0 0 0 0 0 0 0 0 0 0 0 0 0 1 150
11015: 0 0 0 0 0 0 0 0 0 0 0 0 0 0 0 0 69 0 0 0 0 0 0 0 0 0 0 0 0 0 0 0 0 0 2 0 0 0 0 0 0 0 0 0 0 0 0 0 0 0 0 0 0 0 0
10405: 0 0 0 0 0 0 0 0 0 0 0 0 0 0 0 0 287 0 0 0 0 0 0 0 0 0 0 0 0 0 0 0 0 0 10 0 0 0 0 0 0 0 0 0 0 0 0 0 0 0 0 0 0 0 0
10172: 0 0 0 0 0 0 0 0 0 0 0 0 0 0 0 0 93 0 0 0 0 0 0 0 0 0 0 0 0 0 0 0 0 0 5 0 0 0 0 0 0 0 0 0 0 0 0 0 0 0 0 0 0 0 0
5004: 0 0 0 0 250 41 23 24 65 122 95 76 55 89 47 37 8386 1 0 0 0 0 0 0 0 0 1 0 0 0 0 0 0 0 34 0 0 0 0 0 0 0 0 0 0 0 0 0 0 0 0 0 0 0 3
10549: 0 0 0 0 0 0 0 0 0 0 1 0 0 1 0 0 25 0 0 0 0 0 0 0 0 0 0 0 0 0 0 0 0 0 4 0 0 0 0 0 0 0 0 0 0 0 0 0 0 0 0 0 0 0 2
10083: 0 0 0 0 0 0 0 0 0 0 0 0 0 0 0 0 4 1 0 0 0 0 0 0 0 0 0 0 0 0 0 0 0 0 7 0 0 0 0 0 0 0 0 0 0 0 0 0 0 0 0 0 0 0 0
50440: 0 0 0 0 0 0 0 0 0 0 0 0 0 0 0 0 2607 0 0 0 0 0 0 0 0 0 0 0 0 0 0 0 0 0 2 0 0 0 0 0 0 0 0 0 0 0 0 0 0 0 0 0 0 0 0
10227: 4 0 0 0 3230 536 498 457 1079 831 983 744 531 929 719 672 158077 338 61 46 90 246 211 81 67 379 129 151 69 292 107 85 108 112 4122 13 17 7 2 2 0 1 2 32 3 1 3 3 2 3 8 4 6 5 1205
10604: 0 0 0 0 0 0 0 0 1 1 0 0 0 1 0 0 12 1 0 0 0 0 0 0 0 0 0 0 0 0 0 0 0 0 0 0 0 0 0 0 0 0 0 0 0 0 0 0 0 0 0 0 0 0 0
10371: 0 0 0 0 0 0 0 0 0 0 0 0 0 0 0 0 30 0 0 0 0 0 0 0 0 0 0 0 0 0 0 0 0 0 0 0 0 0 0 0 0 0 0 0 0 0 0 0 0 0 0 0 0 0 1
10748: 0 0 0 0 7 0 0 0 5 2 1 1 1 1 0 1 53 2 0 0 0 0 0 0 0 0 0 0 0 0 0 0 0 0 2 0 0 0 0 0 0 0 0 0 0 0 0 0 0 0 0 0 0 0 1
10515: 0 0 0 0 0 0 0 0 0 0 0 0 0 1 0 0 285 0 0 0 0 0 1 0 0 0 0 0 0 0 0 0 0 0 1 0 0 0 0 0 0 0 0 0 0 0 0 0 0 0 0 0 0 0 0
10282: 0 0 0 0 0 0 0 0 0 0 0 0 0 0 0 0 7 0 0 0 0 0 0 0 0 0 0 0 0 0 0 0 0 0 3 0 0 0 0 0 0 0 0 0 0 0 0 0 0 0 0 0 0 0 0
10049: 0 0 0 0 0 0 0 0 0 0 0 0 0 0 0 0 13 0 0 0 9 0 0 0 0 0 0 0 0 0 0 0 0 0 7 0 1 0 0 0 0 0 0 0 0 0 0 0 0 0 0 0 0 0 0
5025: 0 0 0 0 16 2 3 4 13 11 32 14 12 10 10 6 238 3 1 1 7 3 1 1 0 0 1 1 0 0 1 0 0 2 64 0 0 0 0 0 0 0 0 0 0 0 0 0 0 0 0 0 0 0 8
10570: 0 0 0 0 0 0 0 0 0 0 0 0 0 0 0 0 40 0 0 0 0 0 0 0 0 0 0 0 0 0 0 0 0 0 5 0 0 0 0 0 0 0 0 0 0 0 0 0 0 0 0 0 0 0 12
10104: 0 0 0 0 0 0 0 0 0 0 0 0 0 0 0 0 136 0 0 0 0 0 0 0 0 0 0 0 0 0 0 0 0 0 13 0 0 0 0 0 0 0 0 0 0 0 0 0 0 0 0 0 0 0 19
50228: 0 0 0 0 0 0 0 0 0 0 0 0 0 0 1 0 6191 0 0 0 0 0 0 0 0 0 0 0 0 0 0 0 0 0 1 0 0 0 0 0 0 0 0 0 0 0 0 0 0 0 0 0 0 0 0
10392: 0 0 0 0 225 19 17 21 204 348 547 111 79 116 87 97 15377 50 0 0 3 36 17 15 6 12 18 32 14 16 10 13 8 12 1470 3 0 22 6 5 8 5 3 22 8 9 7 7 6 6 4 5 7 3 457
10680: 0 0 0 0 0 0 0 0 0 0 0 0 0 0 0 0 40 0 0 0 0 0 0 0 0 0 0 0 0 0 0 0 0 0 3 0 0 0 0 0 0 0 0 0 0 0 0 0 0 0 0 0 0 0 1
10070: 0 0 0 0 43 9 10 2 12 5 11 10 5 8 11 2 1210 19 6 6 3 8 4 2 2 2 4 4 4 2 2 4 3 3 199 0 0 0 0 0 0 0 0 0 1 0 0 0 0 0 0 0 0 0 54
99002: 0 0 0 0 1 2 2 3 3 5 18 17 7 7 7 6 57 23 0 0 0 1 1 0 0 0 0 0 1 0 0 0 0 0 12 0 0 0 0 0 0 0 0 0 0 0 0 0 0 0 0 0 0 0 1
10358: 3 0 0 0 511 58 60 38 291 323 352 151 111 177 142 128 14495 1496 67 38 20 189 109 77 143 129 199 119 93 80 100 70 54 61 2550 70 2 94 132 49 97 103 110 144 76 92 55 46 37 35 41 33 38 32 1103
10125: 1 0 0 0 51 20 18 26 532 241 633 118 90 121 97 88 7884 234 25 32 120 2306 240 241 500 220 307 363 189 161 278 124 108 452 9954 17 33 135 83 62 43 59 71 140 65 116 53 51 77 35 34 34 582 81 3120
10036: 0 0 0 0 2 0 0 0 1 0 2 0 0 0 1 1 56 1 0 0 0 0 0 0 0 0 0 0 0 0 0 0 0 0 48 0 0 0 0 0 0 0 0 0 0 0 0 0 0 0 0 0 0 0 11
11023: 0 0 0 0 2 0 0 0 0 0 0 0 0 2 0 0 261 0 0 0 0 2 0 0 0 0 0 0 0 0 0 0 0 0 5 0 0 0 0 0 0 0 0 0 0 0 0 0 0 0 0 0 0 0 0
10180: 0 0 0 0 0 0 0 0 0 0 0 0 0 0 0 0 4 0 0 0 3 0 0 0 0 0 0 0 0 0 0 0 0 0 0 0 0 0 0 0 0 0 0 0 0 0 0 0 0 0 0 0 0 0 0
10235: 0 0 0 0 22 1 0 0 2 3 13 5 3 7 4 4 143 7 1 0 0 0 1 0 0 0 1 1 0 0 0 0 0 0 41 0 0 0 0 0 0 0 0 0 0 0 0 0 0 0 0 0 0 0 9
10379: 0 0 0 0 0 0 0 0 0 0 0 0 0 0 1 0 213 1 0 0 0 0 0 0 0 0 0 0 0 0 0 0 0 0 8 0 0 0 0 0 0 0 0 0 0 0 0 0 0 0 0 0 0 0 0
10290: 0 0 0 0 207 7 9 7 41 32 37 18 13 22 20 14 2304 22 3 4 1 1 2 1 1 1 1 3 0 1 3 0 1 0 81 4 0 0 0 0 0 0 0 0 0 0 0 0 0 0 0 0 0 0 37
10667: 0 0 0 0 0 0 0 0 0 0 0 0 0 0 0 0 14 0 0 0 0 0 0 0 0 0 0 0 0 0 0 0 0 0 1 0 0 0 0 0 0 0 0 0 0 0 0 0 0 0 0 0 0 0 0
10057: 0 0 0 0 0 0 0 0 0 1 1 1 1 0 0 1 80 1 0 0 0 0 2 0 0 0 1 0 1 0 0 0 0 1 69 0 0 0 0 0 0 0 0 0 0 0 0 0 0 0 0 0 0 0 10
10434: 0 0 0 0 0 0 0 0 0 0 0 0 0 0 0 0 8 0 0 0 0 0 0 0 0 0 0 0 0 0 0 0 0 0 4 0 0 0 0 0 0 0 0 0 0 0 0 0 0 0 0 0 0 0 0
11044: 0 0 0 0 15 0 1 0 6 16 13 15 7 10 10 7 1871 1 0 0 0 1 0 0 0 0 0 0 0 2 3 0 0 3 177 0 0 0 0 0 0 0 0 0 0 0 0 0 0 0 0 0 3 0 34
10578: 0 0 0 0 0 0 0 0 0 0 0 0 0 0 1 0 475 0 0 0 14 0 0 0 0 0 0 0 0 0 0 0 0 6 355 0 2 0 0 0 0 0 0 0 0 0 0 0 3 0 0 0 0 2 55
10400: 0 0 0 0 0 0 0 0 0 0 0 0 0 0 0 0 2 0 0 0 0 0 0 0 0 0 0 0 0 0 0 0 0 0 0 0 0 0 0 0 0 0 0 0 0 0 0 0 0 0 0 0 0 0 0
10078: 0 0 0 0 0 0 0 0 0 0 0 0 0 0 0 0 12 0 0 0 0 0 0 0 0 0 0 0 0 0 1 0 0 0 0 0 0 0 0 0 0 0 0 0 0 1 0 0 0 0 0 0 0 0 0
10455: 0 0 0 0 0 0 0 0 0 0 0 0 0 0 0 0 193 0 0 0 0 0 0 0 0 0 0 0 0 0 0 0 0 0 7 0 0 0 0 0 0 0 0 0 0 0 0 0 0 0 0 0 0 0 0
10366: 6 3 0 0 2763 208 172 157 1090 824 1003 315 228 313 262 204 9976 931 158 106 222 221 81 58 62 71 108 56 55 38 32 34 31 28 2189 79 35 33 16 16 15 12 11 26 13 12 11 10 7 5 10 10 20 9 677
1017: 0 0 0 0 12 0 0 0 4 6 2 1 1 3 5 5 1004 185 24 22 22 16 12 10 8 18 18 13 7 7 6 8 6 5 380 3 7 0 1 1 0 0 0 1 1 0 0 0 0 0 0 0 1 2 71
1072: 0 0 0 0 0 0 0 0 0 0 0 0 0 0 0 0 10 0 0 1 0 0 0 0 0 0 0 0 0 0 0 0 0 0 0 0 0 0 0 0 0 0 0 0 0 0 0 0 0 0 0 0 0 0 0
10421: 0 0 0 0 1 1 0 0 0 0 0 0 0 0 0 1 15 0 0 0 0 0 0 0 0 0 0 0 0 0 0 0 0 0 7 0 0 0 0 0 0 0 0 0 0 0 0 0 0 0 0 0 0 0 0
10565: 0 0 0 0 9 0 0 0 0 0 0 0 0 1 0 0 11 0 0 0 0 0 0 0 0 0 0 0 0 0 0 0 0 0 7 0 0 0 0 0 0 0 0 0 0 0 0 0 0 0 0 0 0 0 0
11086: 0 0 0 0 0 0 0 0 0 0 0 0 0 0 0 0 9 0 0 0 0 0 0 0 0 0 0 0 0 0 0 0 0 0 4 0 0 0 0 0 0 0 0 0 0 0 0 0 0 0 0 0 0 0 0
10099: 0 0 0 0 68 1 1 4 6 4 6 3 5 3 6 3 794 2 0 0 4 0 0 0 0 0 0 1 0 0 0 0 0 0 164 1 5 0 0 0 0 0 0 0 0 0 0 0 0 0 0 0 0 0 51
10476: 0 0 0 0 6 0 0 0 0 2 0 0 0 0 0 0 2412 0 0 0 0 0 0 0 0 0 0 0 0 0 0 0 0 0 88 0 0 0 0 0 0 0 0 0 0 0 0 0 0 0 0 0 0 0 21
10243: 0 0 0 0 15 1 3 0 5 2 5 5 3 2 6 3 2776 2 0 0 0 0 1 0 0 0 0 0 0 0 0 0 1 0 37 0 0 0 0 0 0 0 0 0 0 0 0 0 0 0 0 0 0 0 6
10997: 0 0 0 0 0 0 0 0 1 0 0 0 0 0 0 3 12 0 0 0 0 0 0 0 0 0 0 0 0 0 0 0 0 0 6 0 0 0 0 0 0 0 0 0 0 0 0 0 0 0 0 0 0 0 2
10387: 0 0 0 0 0 0 0 0 0 0 0 0 0 1 0 0 4 0 0 0 0 0 0 0 0 0 0 0 0 0 0 0 0 0 0 0 0 0 0 0 0 0 0 0 0 0 0 0 0 0 0 0 0 0 0
10764: 0 0 0 0 0 0 0 0 0 0 1 0 0 0 0 0 135 0 0 0 0 0 0 0 0 0 0 0 1 0 0 0 0 0 7 0 0 0 0 0 0 0 0 0 0 0 0 0 0 0 0 0 0 0 0
10531: 0 0 0 0 0 0 0 0 0 0 0 0 0 0 0 0 5 0 0 0 0 0 0 0 0 0 0 0 0 0 0 0 0 0 2 0 0 0 0 0 0 0 0 0 0 0 0 0 0 0 0 0 0 0 0
10675: 0 0 0 0 0 0 0 0 0 0 0 0 0 0 0 0 12 0 0 0 0 1 0 0 0 0 0 0 0 0 0 0 0 0 0 0 0 0 0 0 0 0 0 0 0 0 0 0 0 0 0 0 0 0 1
10065: 0 0 0 0 21 1 1 1 16 11 29 13 5 16 19 10 1808 7 1 1 1 0 1 2 0 5 5 8 1 2 1 3 2 1 105 0 0 0 0 0 0 0 0 0 0 0 0 0 0 0 0 0 0 0 12
10442: 0 0 0 0 0 0 0 0 0 0 1 2 0 3 5 3 481 2 0 0 0 0 0 0 0 0 0 0 0 0 0 0 0 0 15 0 0 0 0 0 0 0 0 0 0 0 0 0 0 0 0 0 0 0 0
10353: 0 0 0 0 22 0 6 4 32 32 45 13 17 28 23 14 2760 7 0 0 0 0 1 0 0 2 4 0 1 1 2 1 3 8 397 1 0 0 0 0 0 0 0 0 1 0 0 0 0 0 1 0 0 1 79
11107: 0 0 0 0 0 0 0 0 0 0 0 0 0 0 0 0 289 0 0 0 0 0 0 0 0 0 0 0 0 0 0 0 0 0 27 0 0 0 0 0 0 0 0 0 0 0 0 0 0 0 0 0 0 0 0
11018: 0 0 0 0 0 0 0 0 0 0 0 0 0 0 0 0 28 0 0 0 0 0 0 0 0 0 0 0 0 0 0 0 0 0 3 0 0 0 0 0 0 0 0 0 0 0 0 0 0 0 0 0 0 0 4
10408: 0 0 0 0 327 23 16 11 66 66 68 32 24 27 20 20 10177 4 3 1 0 3 1 1 1 2 0 0 1 0 0 0 0 6 126 0 0 0 0 0 0 0 0 0 0 0 0 0 0 0 0 0 0 0 17
10785: 0 0 0 0 0 0 0 0 0 0 0 0 0 0 0 0 71 0 0 0 0 0 0 0 0 0 0 0 0 0 0 0 0 0 0 0 0 0 0 0 0 0 0 0 0 0 0 0 0 0 0 0 0 0 1
10319: 0 0 0 0 3 0 0 0 0 0 0 1 0 0 0 0 6 0 0 0 0 0 0 0 0 0 0 0 0 0 0 0 0 0 4 0 0 0 0 0 0 0 0 0 0 0 0 0 0 0 0 0 0 0 0
10696: 0 0 0 0 0 0 0 0 0 0 0 0 0 0 0 0 8 0 0 0 0 0 0 0 0 0 0 0 0 0 0 0 0 0 0 0 0 0 0 0 0 0 0 0 0 0 0 0 0 0 0 0 0 0 0
7502: 0 0 0 0 25 9 9 13 14 9 15 11 5 10 4 3 69 11 1 0 0 0 0 0 0 0 0 0 0 0 0 0 0 0 0 0 0 0 0 0 0 0 0 0 0 0 0 0 0 0 0 0 0 0 0
10230: 0 0 0 0 15 1 1 1 6 3 5 10 5 7 16 7 1403 1 0 1 3 0 0 2 0 1 1 0 0 0 1 0 3 0 54 0 0 0 0 0 0 0 0 0 0 0 0 0 0 0 0 0 0 0 13
10374: 0 0 0 0 0 0 0 0 0 0 0 0 0 0 0 0 49 0 0 0 0 0 0 0 0 0 0 0 0 0 0 0 0 0 4 0 0 0 0 0 0 0 0 0 0 0 0 0 0 0 0 0 0 0 0
10751: 0 0 0 0 0 0 0 0 0 0 0 0 0 0 0 0 7 0 0 0 0 0 0 0 0 0 0 0 0 0 0 0 0 0 2 0 0 0 0 0 0 0 0 0 0 0 0 0 0 0 0 0 0 0 0
10052: 0 0 0 0 3 2 2 5 11 13 25 20 7 12 10 7 416 0 0 0 0 0 0 0 0 0 0 0 0 0 0 0 0 0 34 0 0 0 0 0 0 0 0 0 0 0 0 0 0 0 0 0 0 0 6
10573: 0 0 0 0 0 0 0 0 0 0 0 0 0 0 0 0 1 0 0 0 0 0 0 0 0 0 0 0 0 0 0 0 0 0 5 0 0 0 0 0 0 0 0 0 0 0 0 0 0 0 0 0 0 0 1
11094: 0 0 0 0 0 0 0 0 0 0 0 0 0 0 1 1 284 0 0 0 0 0 0 0 0 0 0 0 0 0 0 0 0 0 10 0 0 0 0 0 0 0 0 0 0 0 0 0 0 0 0 0 0 0 0
10484: 0 0 0 0 1 2 0 0 0 0 0 2 1 1 1 1 53 0 0 0 0 0 0 0 0 0 0 0 0 0 0 0 0 0 4 0 0 0 0 0 0 0 0 0 0 0 0 0 0 0 0 0 0 0 3
10251: 0 0 0 0 6 6 5 7 10 12 22 14 11 7 9 7 241 0 0 0 0 0 0 0 0 0 0 3 0 0 0 0 0 1 69 0 1 0 0 0 0 0 0 0 0 0 0 0 0 0 0 0 0 0 3
1046: 0 0 0 0 3889 688 588 548 7050 4558 16216 3582 2791 3714 3277 2944 26913 5574 390 259 174 1500 501 338 280 251 384 204 202 197 127 128 117 155 6050 487 39 480 136 124 98 83 83 83 69 61 56 49 40 42 43 42 41 46 1878
10450: 0 0 0 0 0 0 0 0 0 0 0 0 0 0 0 1 9 0 0 0 0 0 0 0 0 0 0 0 0 0 0 0 0 0 4 0 0 0 0 0 0 0 0 0 0 0 0 0 0 0 0 0 0 0 0
90033: 0 0 0 0 0 0 0 0 0 0 0 0 0 0 0 0 0 0 0 0 0 0 0 0 0 0 0 0 0 0 0 0 0 0 3 0 0 0 0 0 0 0 0 0 0 0 0 0 0 0 0 0 0 0 0
10217: 0 0 0 0 16 4 2 6 18 7 16 16 9 9 13 5 659 3 0 0 24 3 0 0 1 0 1 1 1 0 1 0 0 1 345 0 0 1 0 0 0 0 0 0 0 0 0 0 0 0 0 0 0 0 135
10361: 0 0 0 0 0 0 0 0 0 0 0 0 0 0 0 0 6 0 0 0 0 0 0 0 0 0 0 3 0 0 0 0 0 0 0 0 0 0 0 0 0 0 0 0 0 0 0 0 0 0 0 0 0 0 0
11026: 0 0 0 0 0 0 0 0 0 0 0 0 0 0 0 0 31 0 0 0 0 0 0 0 0 0 0 0 0 0 0 0 0 0 5 0 0 0 0 0 0 0 0 0 0 0 0 0 0 0 0 0 0 0 1
10416: 0 0 0 0 0 0 0 0 0 0 0 0 0 0 0 0 59 0 0 0 0 0 0 0 0 0 0 1 0 0 0 0 0 0 6 0 0 0 0 0 0 0 0 0 0 0 0 0 0 0 0 0 0 0 1
1067: 0 0 0 0 0 0 0 0 0 0 0 0 0 0 0 0 0 0 0 0 0 0 0 0 0 0 0 0 0 0 0 0 0 0 0 0 0 0 0 0 0 0 0 0 0 0 0 0 0 0 0 0 0 0 0
11081: 0 0 0 0 0 0 0 0 0 0 0 0 0 0 1 0 9 0 0 0 0 0 0 1 0 0 0 0 1 0 0 0 0 0 0 0 0 0 0 0 0 0 0 0 0 0 0 0 0 0 0 0 0 0 0
10094: 0 0 0 0 7 0 0 0 0 0 4 0 1 5 2 0 234 0 0 0 3 0 0 0 1 0 0 0 0 0 1 0 0 0 28 0 0 0 0 0 0 0 0 0 0 0 0 0 0 0 0 0 0 0 7
10471: 0 0 0 0 0 0 0 0 0 0 0 0 0 0 0 0 3 0 0 0 0 0 0 0 0 0 0 0 0 0 0 0 0 0 0 0 0 0 0 0 0 0 0 0 0 0 0 0 0 0 0 0 0 0 0
10238: 246 25 16 10 16944 1689 1422 1085 2302 1497 4433 1076 751 1618 860 698 17832 17630 685 411 292 1792 486 287 295 277 455 194 199 173 164 134 122 97 6436 186 7 127 83 40 36 43 58 65 50 58 53 43 39 40 38 32 32 37 1959
10293: 0 0 0 0 0 0 0 0 1 0 0 0 0 0 0 0 6 0 0 0 0 0 0 0 0 0 0 0 0 0 0 0 0 0 3 0 0 0 0 0 0 0 0 0 0 0 0 0 0 0 0 0 0 0 0
10437: 0 0 0 0 0 0 0 0 0 0 0 0 0 0 0 0 3 0 0 0 0 0 0 0 0 0 0 0 0 0 0 0 0 0 0 0 0 0 0 0 0 0 0 0 0 0 0 0 0 0 0 0 0 0 0
10725: 0 0 0 0 3 0 0 0 0 3 4 2 3 1 4 1 155 1 0 0 0 0 0 0 0 0 0 11 0 0 0 2 1 0 142 0 0 0 0 0 0 0 0 0 0 0 0 0 0 0 0 0 0 0 28
10115: 0 0 0 0 0 0 0 0 0 0 0 0 0 0 0 0 0 0 0 0 0 0 0 0 0 0 0 0 0 0 0 0 0 0 3 0 0 0 0 0 0 0 0 0 0 0 0 0 0 0 0 0 0 0 1
10636: 122 14 12 9 10144 766 606 464 3167 3764 4468 931 643 1042 780 621 115049 161501 15525 11632 8689 23114 10559 7958 7412 6900 14554 6408 8397 8911 4726 4644 5187 6894 159666 27516 2010 7039 3658 3346 2812 2930 2920 3105 2226 2192 1650 1540 1502 1441 1385 1286 1283 1178 64930
11013: 0 0 0 0 5 0 0 0 31 82 45 9 8 9 10 6 7771 6 0 0 0 0 0 0 0 0 1 0 0 0 0 0 0 1 23 0 0 0 0 0 0 0 0 0 0 0 0 0 0 0 0 0 0 0 5
10403: 0 0 0 0 0 0 0 0 0 0 0 0 0 0 0 0 22 0 0 0 0 0 0 0 0 0 0 0 0 0 0 0 0 0 1 0 0 0 0 0 0 0 0 0 0 0 0 0 0 0 0 0 0 0 0
10170: 0 0 0 0 0 0 0 0 0 0 0 0 0 0 0 0 161 1 0 0 0 0 0 1 0 0 0 0 0 0 0 0 0 0 5 0 0 0 0 0 0 0 0 0 0 0 0 0 0 0 0 0 0 0 0
10314: 0 0 0 0 0 0 1 0 0 1 0 0 0 0 0 0 9 0 0 0 0 0 0 0 0 0 0 0 0 0 0 0 0 0 4 0 0 0 0 0 0 0 0 0 0 0 0 0 0 0 0 0 0 0 0
10458: 0 0 0 0 0 0 0 0 0 0 0 1 0 0 0 0 307 0 0 0 0 0 0 0 0 0 0 0 0 0 0 0 0 0 4 0 0 0 0 0 0 0 0 0 0 0 0 0 0 0 0 0 0 0 1
10369: 0 0 0 0 0 0 0 0 0 0 0 0 0 0 0 0 17 0 0 0 0 0 0 0 0 0 0 0 0 0 0 0 0 0 3 0 0 0 0 0 0 0 0 0 0 0 0 0 0 0 0 0 0 0 0
50349: 0 0 0 0 0 0 0 0 0 0 0 0 0 0 0 1 1723 0 0 0 0 0 0 0 0 0 0 0 0 0 0 0 0 0 2 0 0 0 0 0 0 0 0 0 0 0 0 0 0 0 0 0 0 0 0
10746: 0 0 0 0 2 0 0 0 3 0 0 0 0 1 0 1 41 3 0 0 0 0 0 0 0 0 0 0 0 0 0 0 0 0 3 0 0 0 0 0 0 0 0 0 0 0 0 0 0 0 0 0 0 0 0
10280: 0 0 0 0 1 0 0 0 0 0 0 0 0 0 0 0 14 0 0 0 0 0 0 0 0 0 0 0 0 0 0 0 0 0 8 0 0 0 0 0 0 0 0 0 0 0 0 0 0 0 0 0 0 0 0
10191: 0 0 0 0 0 0 0 0 0 0 0 0 0 0 0 0 4 0 0 0 0 0 0 0 0 0 0 0 0 0 0 0 0 0 1 0 0 0 0 0 0 0 0 0 0 0 0 0 0 0 0 0 0 0 0
5023: 0 0 0 0 0 0 0 0 0 1 0 0 0 0 0 0 104 0 0 0 0 0 0 0 0 0 1 0 0 0 0 0 0 0 7 1 0 0 0 0 0 0 0 0 0 0 0 0 0 0 0 0 0 0 5
10568: 0 0 0 0 0 0 0 0 0 0 0 0 0 0 0 0 16 1 0 0 0 0 0 0 0 0 0 0 0 0 0 0 0 0 4 0 0 0 0 0 0 0 0 0 0 0 0 0 0 0 0 0 0 0 1
10102: 0 0 0 0 84 5 1 3 7 11 10 8 2 4 7 5 943 3 2 0 0 5 3 0 0 0 0 0 0 3 1 2 0 3 166 0 0 1 0 0 0 0 0 0 0 0 0 0 1 0 0 1 1 0 30
10246: 0 0 0 0 0 0 0 0 0 0 0 0 0 0 0 0 1 0 0 0 0 0 0 0 0 0 0 0 0 0 0 0 0 0 5 0 0 0 0 0 0 0 0 0 0 0 0 0 0 0 0 0 0 0 0
1041: 0 0 0 0 9969 897 708 632 11395 4083 13944 1715 1249 1727 1316 1052 12008 956 60 82 54 3271 553 319 335 233 345 189 141 113 138 92 83 193 4818 142 18 32 14 10 4 7 7 9 9 12 6 9 8 8 6 7 7 9 749
10767: 0 0 0 0 0 0 0 0 0 0 0 0 0 0 0 0 157 0 0 0 31 0 0 0 0 0 0 0 0 0 0 0 0 0 14 0 11 0 0 1 0 0 0 0 0 0 0 0 0 0 0 0 0 0 0
10534: 0 0 0 0 11 2 1 1 6 0 9 6 2 7 6 7 532 3 0 0 0 0 0 1 0 0 0 0 0 1 0 1 0 1 74 0 0 0 0 0 0 0 0 0 0 0 0 0 0 0 0 0 0 0 18
10068: 0 0 0 0 0 0 0 0 0 0 0 0 0 0 0 0 11 0 0 0 0 0 0 0 0 0 0 0 0 0 0 0 0 0 2 0 0 0 0 0 0 0 0 0 0 0 0 0 0 0 0 0 0 0 0
10356: 0 0 0 0 8 0 0 0 4 3 11 11 4 7 5 4 187 1 1 0 0 1 2 0 0 0 1 0 1 0 1 0 0 1 58 1 0 0 0 0 0 0 0 0 0 0 0 0 0 0 0 0 0 0 8
10644: 0 0 0 0 0 0 0 0 0 0 0 0 0 0 0 0 58 0 0 0 0 0 0 0 0 0 0 0 0 0 0 0 0 0 5 0 0 0 0 0 0 0 0 0 0 0 0 0 0 0 0 0 0 0 0
10788: 0 0 0 0 23 4 3 3 12 7 8 4 3 2 5 5 322 76 20 13 10 7 4 1 5 13 9 5 5 5 5 2 1 1 85 1 0 0 0 1 1 0 3 0 0 0 0 0 0 0 0 0 0 0 54
10178: 0 0 0 0 12 0 0 0 17 13 11 8 7 7 8 10 941 1025 29 18 22 84 37 27 19 25 59 58 27 22 18 20 15 10 532 87 1 21 11 9 5 4 21 20 11 11 18 16 11 8 11 10 18 11 308
10233: 0 0 0 0 1 0 0 0 0 0 0 0 0 0 0 0 106 1 0 0 0 0 0 0 0 0 0 0 0 0 0 0 0 0 16 0 0 0 0 0 0 0 0 0 0 0 0 0 0 0 0 0 0 0 3
10610: 0 0 0 0 13383 2396 1894 1131 1635 898 3598 770 572 884 765 578 6071 700 40 19 18 1142 205 86 195 66 79 49 47 33 71 27 23 47 1117 106 3 22 12 3 5 2 4 1 3 2 0 1 1 1 0 0 0 1 98
10144: 0 0 0 0 15 5 3 5 14 7 31 26 14 18 9 11 355 23 0 0 8 3 0 1 0 0 0 0 0 1 0 0 0 0 60 0 3 0 0 0 0 0 0 0 0 0 0 0 0 0 0 0 0 0 10
10288: 0 0 0 0 71 19 18 14 73 60 102 55 42 50 48 42 1929 30 2 3 1 9 4 0 4 5 8 4 3 4 5 1 4 5 212 3 0 0 0 0 0 0 0 0 0 0 0 0 0 0 0 0 0 0 33
11042: 0 0 0 0 0 0 0 0 0 1 0 0 0 1 0 0 301 0 0 0 0 0 0 0 0 0 0 0 0 0 0 0 0 0 23 0 0 0 0 0 0 0 0 0 0 0 0 0 0 0 0 0 0 0 4
10110: 0 0 0 0 0 0 0 0 1 0 0 1 1 0 0 0 296 0 0 0 7 0 0 0 0 0 0 0 1 0 0 1 0 0 32 0 0 0 0 0 0 0 0 0 0 0 0 0 0 0 0 0 0 0 8
11097: 214 63 43 44 6317 1330 1148 1185 6080 9943 11210 4062 2960 5329 3197 2686 36679 3 1 0 0 8 0 1 3 1 1 1 2 0 0 1 0 4 102 0 0 0 0 0 0 0 0 0 0 0 0 0 0 0 0 0 0 0 49
10254: 0 0 0 0 7 1 2 1 6 5 10 7 8 13 13 9 3882 3 0 0 33 1 1 1 3 1 0 3 2 2 0 1 1 1 852 0 4 2 1 2 0 2 1 0 2 1 1 2 1 0 1 2 3 2 369
10775: 0 0 0 0 0 0 0 0 0 0 0 0 0 0 0 0 16 0 0 0 0 0 0 0 0 0 0 0 0 0 0 0 0 0 1 0 0 0 0 0 0 0 0 0 0 0 0 0 0 0 0 0 0 0 0
10076: 0 0 0 0 0 0 0 0 0 0 0 0 0 0 0 0 21 0 0 0 0 0 0 0 0 0 0 0 0 0 0 0 0 0 11 0 0 0 0 0 0 0 0 0 0 0 0 0 0 0 0 0 0 0 0
10453: 0 0 0 0 31 1 3 3 11 4 19 10 12 21 12 10 1046 0 0 0 4 4 0 0 2 2 1 0 0 0 0 0 2 0 274 0 0 0 0 0 0 0 0 0 0 0 0 0 0 0 0 0 0 0 51
10364: 0 0 0 0 13 2 0 1 7 3 11 5 9 4 8 11 1255 2 0 0 0 15 1 3 6 5 3 2 1 0 3 1 1 3 308 0 0 8 3 1 3 3 5 3 1 2 1 0 1 2 0 0 0 1 227
99063: 1 0 0 0 9 0 2 0 2 3 10 0 0 4 0 2 670 0 0 0 0 0 0 0 0 0 0 0 0 0 0 0 0 0 37 0 0 0 0 0 0 0 0 0 0 0 0 0 0 0 0 0 0 0 7
10097: 0 0 0 0 209 4 3 5 32 16 14 10 6 6 7 3 3832 5 1 0 25 3 2 0 0 1 1 1 0 1 0 1 2 2 476 0 2 0 0 0 0 0 0 0 0 0 0 0 0 0 0 0 0 0 99
10474: 0 0 0 0 13 2 2 3 20 20 35 18 12 25 19 18 1229 2 0 0 0 0 1 0 0 1 0 1 1 1 1 2 1 6 234 1 0 0 0 0 0 0 0 0 0 0 0 0 0 0 0 0 0 0 37
10241: 0 0 0 0 0 0 0 0 2 1 9 4 1 1 2 0 1115 1 2 0 61 1 1 0 0 0 0 109 0 0 0 0 0 0 744 1 19 0 0 0 0 0 0 21 0 0 0 0 0 0 0 0 0 0 344
1036: 65 24 10 2 5234 492 463 452 2707 6865 3330 1175 879 3018 1055 902 33845 0 0 0 0 0 0 0 0 0 0 0 0 0 0 0 0 0 3 0 0 0 0 0 0 0 0 0 0 0 0 0 0 0 0 0 0 0 0
10385: 0 0 0 0 62 12 8 7 37 32 76 49 37 49 61 40 8055 322 37 24 26 62 28 26 61 28 67 46 43 36 55 37 34 31 2484 64 3 29 13 18 35 20 27 19 25 24 14 12 13 12 9 12 12 9 741
50365: 0 0 0 0 0 0 1 0 0 0 1 1 1 5 2 0 2306 0 0 0 0 0 0 0 0 0 0 0 0 0 0 0 0 0 3 0 0 0 0 0 0 0 0 0 0 0 0 0 0 0 0 0 0 0 0
10440: 0 0 0 0 52 9 9 8 44 57 56 42 41 72 57 43 15269 3 1 0 26 2 1 0 2 3 3 2 0 4 0 2 1 14 377 2 10 0 0 0 0 0 1 0 1 0 0 0 3 0 0 0 0 0 50
10584: 0 0 0 0 23400 591 410 588 2860 715 2342 630 429 520 450 393 10853 18615 1253 963 602 1822 743 436 466 439 1043 319 415 408 213 153 153 258 4238 1332 36 316 220 108 92 87 102 73 49 55 35 36 28 25 23 22 29 23 607
10351: 8 6 0 3 3629 265 208 200 564 655 651 328 218 320 259 232 10423 2 0 0 41 1 0 0 0 0 0 0 0 0 0 0 0 0 81 0 4 0 0 0 0 0 0 0 0 0 0 0 0 0 0 0 0 0 39
1002: 73 18 7 2 8298 639 570 564 2292 1559 2578 814 582 716 643 558 8840 1078 86 108 74 470 121 70 63 104 80 66 45 48 32 33 27 56 1890 48 18 27 7 5 5 5 7 8 5 3 2 2 1 1 2 2 4 2 267
10495: 0 0 0 0 0 0 0 0 0 0 0 0 0 0 0 0 3 0 0 0 0 0 0 0 0 0 0 0 0 0 0 0 0 0 0 0 0 0 0 0 0 0 0 0 0 0 0 0 0 0 0 0 0 0 0
10639: 0 0 0 0 0 0 0 0 0 0 0 0 0 0 0 0 0 0 0 0 0 0 0 0 0 0 0 0 0 0 0 0 0 0 0 0 0 0 0 0 0 0 0 0 0 0 0 0 0 0 0 0 0 0 0
50619: 0 0 0 0 1 0 0 0 0 0 0 0 0 0 0 1 102 0 0 0 0 0 0 0 0 0 0 0 0 0 0 0 0 0 2 0 0 0 0 0 0 0 0 0 0 0 0 0 0 0 0 0 0 0 3
11016: 0 0 0 0 0 0 0 0 0 0 0 0 0 0 0 0 18 0 0 0 0 0 0 0 0 0 0 0 0 0 0 0 0 0 7 0 0 0 0 0 0 0 0 0 0 0 0 0 0 0 0 0 0 0 1
10406: 0 0 0 0 0 0 0 0 0 0 0 0 0 0 0 0 8 0 0 0 0 0 0 0 0 0 0 0 0 0 0 1 0 0 0 0 0 0 0 0 0 0 0 0 0 0 0 0 0 0 0 0 0 0 0
10173: 0 0 0 0 10 0 0 0 0 2 2 3 1 3 0 4 198 2 0 0 0 0 0 1 0 0 0 0 0 0 0 0 0 2 25 0 0 0 0 0 0 0 0 0 0 0 0 0 0 0 0 0 0 0 3
10694: 0 0 0 0 0 0 0 0 0 0 0 0 0 0 0 0 0 0 0 0 0 0 0 0 0 0 0 0 0 0 0 0 0 0 0 0 0 0 0 0 0 0 0 0 0 0 0 0 0 0 0 0 0 0 0
10461: 0 0 0 0 4 1 0 0 3 1 6 3 1 3 5 2 184 3 0 0 0 0 0 0 0 0 0 0 0 0 0 1 0 0 86 1 0 0 0 0 0 0 0 0 0 0 0 0 0 0 0 0 0 0 10
50441: 0 0 0 0 0 0 0 0 0 0 0 0 0 0 0 0 565 0 0 0 0 0 0 0 0 0 0 0 0 0 0 0 0 0 2 0 0 0 0 0 0 0 0 0 0 0 0 0 0 0 0 0 0 0 0
10228: 0 0 0 0 553 88 58 49 208 245 317 184 102 184 133 132 15180 56 8 6 84 24 16 8 13 18 14 10 14 13 13 8 15 9 1628 6 17 3 3 3 0 1 1 2 1 2 1 2 3 1 0 1 6 1 298
10372: 0 0 0 0 0 0 0 0 0 0 0 0 0 2 0 0 176 0 0 0 0 0 0 0 0 0 0 0 0 0 0 0 0 0 46 0 0 0 0 0 0 0 0 0 0 0 0 0 0 0 0 0 0 0 9
10427: 0 0 0 0 6 0 0 0 0 0 1 1 0 0 1 0 117 1 0 0 0 0 0 0 0 0 0 0 0 0 0 0 0 0 3 0 0 0 0 0 0 0 0 0 0 0 0 0 0 0 0 0 0 0 0
5026: 0 0 0 0 31 1 1 0 3 6 7 5 1 0 3 0 1759 0 0 2 30 1 0 0 0 0 0 0 0 0 0 1 0 0 69 1 6 0 0 0 0 0 0 0 0 0 0 0 0 0 0 0 0 0 33
10571: 0 0 0 0 9 3 1 0 2 0 3 6 1 6 4 5 379 9 0 0 19 1 2 0 1 1 0 0 1 0 0 0 0 2 62 0 0 0 0 0 0 0 0 0 0 0 0 0 0 0 0 0 0 0 12
11092: 0 0 0 0 36 5 2 5 13 17 11 12 13 17 16 5 683 5 0 0 10 3 5 4 5 5 9 13 6 2 4 4 7 0 252 1 8 3 0 1 0 0 0 1 0 0 0 0 0 0 0 0 0 0 20
10626: 0 0 0 0 0 0 0 0 0 0 0 0 0 0 0 0 0 0 0 0 0 0 0 0 0 0 0 0 0 0 0 0 0 0 0 0 0 0 0 0 0 0 0 0 0 0 0 0 0 0 0 0 0 0 0
10393: 0 0 0 0 2 0 0 0 0 0 0 0 1 0 0 0 73 1 0 0 0 0 1 0 0 0 0 2 0 0 0 0 0 0 11 0 0 0 0 0 0 0 0 0 0 0 0 0 0 0 0 0 0 0 2
10770: 1 0 0 0 0 0 0 0 4 3 0 3 3 3 2 3 1667 160 15 12 7 94 35 29 24 31 37 19 18 9 14 15 13 9 906 37 2 41 24 17 17 28 38 43 27 29 12 12 18 8 15 7 7 8 562
10071: 0 0 0 0 0 0 0 0 0 0 0 0 0 0 0 0 26 0 0 0 0 0 0 0 0 0 0 0 0 0 0 0 0 0 4 0 0 0 0 0 0 0 0 0 0 0 0 0 0 0 0 0 0 0 1
10215: 0 0 0 0 1 0 0 0 0 0 0 0 0 0 0 0 66 0 0 0 0 0 0 0 0 0 0 0 0 0 0 0 0 0 7 0 0 0 0 0 0 0 0 0 0 0 0 0 0 0 0 0 0 0 0
10359: 3 0 0 0 30 2 2 3 38 61 35 14 8 17 12 11 4175 95 15 7 7 200 105 89 75 82 116 129 104 89 95 93 75 83 7149 46 3 90 80 61 49 44 76 88 86 96 76 84 74 75 69 69 66 61 4109
1010: 38 11 3 3 953 129 134 146 550 640 937 250 171 203 174 130 1743 94 6 8 3 44 8 3 3 6 5 4 2 1 0 1 2 12 213 10 1 3 1 0 0 0 1 1 0 1 0 0 0 0 0 0 0 0 34
5013: 0 0 0 0 200 28 29 37 80 46 68 44 51 40 42 33 748 12 1 0 8 13 2 1 2 2 3 3 2 2 2 1 2 4 149 0 0 0 0 0 0 0 0 0 0 0 0 0 0 0 0 0 0 0 18
10092: 0 0 0 0 0 0 0 0 0 0 0 0 0 1 0 0 68 0 0 0 5 0 0 0 0 0 0 0 0 0 0 1 0 0 5 0 0 0 0 0 0 0 0 0 0 0 0 0 0 0 0 0 0 0 1
10668: 0 0 0 0 1 0 0 0 0 0 2 1 0 3 1 1 83 0 0 0 0 0 0 0 0 0 0 0 0 0 0 0 0 0 13 0 0 0 0 0 0 0 0 0 0 0 0 0 0 0 0 0 0 0 3
10058: 0 0 0 0 12 1 1 1 4 6 6 5 2 4 3 0 268 1 0 0 0 0 0 0 0 0 0 0 0 0 0 0 0 0 23 0 0 0 0 0 0 0 0 0 0 0 0 0 0 0 0 0 0 0 11
90018: 0 0 0 0 3 0 0 1 6 9 2 0 0 0 2 0 851 0 0 0 0 0 0 0 0 0 0 0 0 0 0 0 0 0 12 0 0 0 0 0 0 0 0 0 0 0 0 0 0 0 0 0 0 0 13
10579: 0 0 0 0 4 0 0 0 1 0 1 0 1 1 1 2 205 1 0 0 1 0 0 0 0 0 0 0 0 0 0 0 0 0 24 0 0 0 0 0 0 0 0 0 0 0 0 0 0 0 0 0 0 0 3
11100: 0 0 0 0 0 0 0 0 0 0 0 0 0 0 0 0 0 0 0 0 0 0 0 0 0 0 0 0 0 0 0 0 0 0 0 0 0 0 0 0 0 0 0 0 0 0 0 0 0 0 0 0 0 0 0
10401: 0 0 0 0 5 0 0 0 0 0 0 0 0 0 1 0 14 0 0 0 0 0 0 0 0 0 0 0 0 0 0 0 0 0 7 0 0 0 0 0 0 0 0 0 0 0 0 0 0 0 0 0 0 0 0
10168: 0 0 0 0 83 24 16 19 64 49 81 37 39 53 70 69 11536 10 5 4 40 5 3 3 2 10 3 0 3 5 2 3 1 3 436 1 18 0 0 0 0 0 0 0 0 0 0 0 1 0 0 0 4 0 256
10456: 0 0 0 0 3 0 0 0 0 0 3 3 0 2 2 2 469 1 0 0 0 0 0 0 0 0 0 0 0 0 0 0 0 0 17 0 0 0 0 0 0 0 0 0 0 0 0 0 0 0 0 0 0 0 7
10744: 0 0 0 0 0 0 0 0 0 0 0 0 0 0 0 0 123 0 0 0 0 0 0 0 0 0 0 0 0 0 0 0 0 0 1 0 0 0 0 0 0 0 0 0 0 0 0 0 0 0 0 0 0 0 0
2903: 0 0 0 0 56 18 17 17 34 25 23 22 16 12 14 9 148 22 0 1 0 0 1 0 0 0 0 1 0 0 0 0 0 0 10 0 0 0 0 0 0 0 0 0 0 0 0 0 0 0 0 0 0 0 1
10045: 1 0 0 0 642 64 47 36 167 129 240 131 71 105 76 49 3018 7 1 1 9 7 1 1 1 3 2 3 2 1 4 3 3 3 293 1 3 1 1 1 0 1 0 1 0 0 1 1 0 0 2 0 7 23 86
1073: 10 2 0 0 555 51 38 37 169 80 217 62 38 53 40 41 568 106 12 39 24 44 13 6 11 7 10 10 10 4 6 1 3 8 247 10 15 1 1 0 0 1 0 1 0 0 0 0 0 0 0 0 0 0 29
5021: 0 0 0 0 39 12 11 20 103 36 73 44 29 40 35 27 564 78 7 5 13 31 9 6 11 5 7 7 3 3 3 5 3 3 1238 10 1 4 1 0 1 0 0 1 0 0 0 0 0 0 0 0 0 0 358
10621: 0 0 0 0 1 1 0 1 3 2 6 4 3 4 2 1 258 4 0 0 1 0 0 0 0 0 0 0 0 0 0 0 1 0 83 1 0 1 0 0 0 0 0 0 0 0 0 0 0 0 0 0 0 0 15
10066: 0 0 0 0 0 0 0 0 0 0 0 0 0 0 0 0 16 0 0 0 4 0 0 0 0 0 0 0 0 0 0 0 0 0 0 0 0 0 0 0 0 0 0 0 0 0 0 0 0 0 0 0 0 0 0
10443: 0 0 0 0 26 1 1 3 3 1 10 4 3 6 3 3 293 2 0 0 0 0 0 0 0 0 0 0 0 0 0 0 0 0 29 0 0 1 0 0 0 0 0 0 0 0 0 0 0 0 0 0 0 0 1
10210: 0 0 0 0 0 0 0 0 0 0 0 0 0 0 0 0 5 0 0 0 0 0 0 0 0 0 0 0 0 0 0 0 0 0 1 0 0 0 0 0 0 0 0 0 0 0 0 0 0 0 0 0 0 0 0
10354: 0 0 0 0 0 0 0 0 0 0 0 0 0 0 0 0 127 0 0 0 0 0 0 0 0 0 0 0 0 0 0 0 0 0 23 0 0 0 0 0 0 0 0 0 0 0 0 0 0 0 0 0 0 0 10
10498: 0 0 0 0 3 1 0 0 0 0 0 0 1 0 0 0 6 0 0 0 0 0 0 0 0 0 0 0 0 0 0 0 0 0 3 0 0 0 0 0 0 0 0 0 0 0 0 0 0 0 0 0 0 0 0
50389: 0 0 0 0 0 0 0 0 0 0 0 0 0 0 0 0 694 0 0 0 0 0 0 0 0 0 0 0 0 0 0 0 0 0 1 0 0 0 0 0 0 0 0 0 0 0 0 0 0 0 0 0 0 0 0
10553: 0 0 0 0 0 0 0 0 0 0 0 0 0 0 0 0 9 0 0 0 0 0 0 0 0 0 0 0 0 0 0 0 0 0 4 0 0 0 0 0 0 0 0 0 0 0 0 0 0 0 0 0 0 0 0
10087: 0 0 0 0 46 1 4 4 8 7 29 12 8 16 7 8 669 7 3 0 5 5 7 2 5 1 0 1 0 1 1 3 3 8 171 0 10 0 0 0 0 0 0 0 0 0 1 0 0 0 0 0 0 0 16
7503: 0 0 0 0 0 0 0 0 0 0 0 0 0 0 0 0 5 0 0 0 0 0 0 0 0 0 0 0 0 0 0 0 0 0 4 0 0 0 0 0 0 0 0 0 0 0 0 0 0 0 0 0 0 0 0
10464: 0 0 0 0 7 0 0 0 1 0 3 1 1 2 2 1 38 0 0 0 0 0 0 0 0 0 0 0 0 0 0 0 0 0 2 0 0 0 0 0 0 0 0 0 0 0 0 0 0 0 0 0 0 0 0
10375: 0 0 0 0 0 0 0 0 0 0 0 0 0 0 0 0 123 0 0 0 0 0 0 0 0 0 0 0 0 0 0 0 0 0 3 0 0 0 0 0 0 0 0 0 0 0 0 0 0 0 0 0 0 0 0
10752: 0 0 0 0 4 0 0 0 0 0 0 0 0 1 1 0 13 0 0 0 0 0 0 0 0 0 0 0 0 0 0 0 0 0 8 0 0 0 0 0 0 0 0 0 0 0 0 0 0 0 0 0 0 0 0
10519: 0 0 0 0 0 0 0 0 0 0 0 0 0 0 0 0 18 0 0 0 0 0 0 0 0 0 0 1 0 0 0 0 0 0 0 0 0 0 0 0 0 0 0 0 0 0 0 0 0 0 0 0 0 0 0
1081: 0 0 0 0 0 0 0 0 0 0 0 0 0 0 0 0 0 0 0 0 0 0 0 0 0 0 0 0 0 0 0 0 0 0 0 0 0 0 0 0 0 0 0 0 0 0 0 0 0 0 0 0 0 0 0
10197: 0 0 0 0 6 1 0 0 3 1 3 0 1 1 3 0 181 0 0 0 0 2 0 0 0 2 0 0 0 0 0 0 0 1 29 0 0 0 0 0 0 0 0 0 0 0 0 0 0 0 0 0 0 0 6
10574: 0 0 0 0 7 0 0 1 3 6 10 8 5 9 7 9 2073 0 0 0 0 0 0 0 0 1 0 0 0 0 0 0 0 0 117 0 0 0 0 0 0 0 0 0 0 0 0 0 0 0 0 0 0 0 35
11095: 0 0 0 0 5 0 0 1 0 0 0 0 0 0 0 0 6 0 0 0 0 0 0 0 0 0 0 0 0 0 0 0 0 0 3 0 0 0 0 0 0 0 0 0 0 0 0 0 0 0 0 0 0 0 0
10485: 0 0 0 0 0 0 0 0 0 0 0 0 0 0 0 0 42 0 0 1 1 1 0 0 0 0 1 0 0 0 0 0 0 0 3 0 0 0 0 0 0 0 0 0 0 0 0 0 0 0 0 0 0 0 0
10252: 0 0 0 0 22 2 3 0 9 8 21 9 5 7 5 7 637 7 1 0 0 0 0 0 2 0 0 0 1 3 0 2 3 1 91 0 0 0 0 0 0 0 0 0 0 0 0 0 0 0 0 0 0 0 12
10396: 0 0 0 0 0 0 0 0 0 0 0 0 0 0 0 0 0 0 0 0 0 0 0 0 0 0 0 0 0 0 0 0 0 0 1 0 0 0 0 0 0 0 0 0 0 0 0 0 0 0 0 0 0 0 3
1047: 7 1 1 0 762 172 156 222 1022 405 337 272 211 255 249 191 6000 1072 121 94 83 178 85 49 70 78 114 99 42 44 33 45 27 26 11571 147 25 27 24 21 13 12 26 31 12 10 11 6 2 7 3 5 5 5 4134
10307: 0 0 0 0 540 76 57 57 44 43 74 63 47 100 54 49 14061 3 2 0 0 1 3 0 0 2 1 3 0 0 2 1 0 1 76 1 0 0 0 0 0 0 0 0 0 0 0 0 0 0 0 0 0 0 9
10684: 0 0 0 0 0 0 0 0 0 0 2 1 0 0 0 0 4 0 0 0 0 0 0 0 0 0 0 0 0 0 0 0 0 0 0 0 0 0 0 0 0 0 0 0 0 0 0 0 0 0 0 0 0 0 0
10074: 0 0 0 0 39 5 5 2 24 11 7 8 16 10 9 7 848 11 1 1 7 6 5 3 1 3 6 3 3 3 1 0 1 1 90 4 3 2 1 1 0 0 1 0 0 0 0 0 0 0 0 0 0 0 20
10595: 0 0 0 0 0 0 0 0 0 0 0 0 0 0 0 0 0 0 0 0 0 0 0 0 0 0 0 0 0 0 0 0 0 0 0 0 0 0 0 0 0 0 0 0 0 0 0 0 0 0 0 0 0 0 0
1013: 0 0 0 0 44 22 26 27 50 37 59 51 30 43 32 29 595 127 13 17 9 56 24 14 10 26 33 18 11 13 11 14 8 12 630 1 0 3 1 0 1 3 2 1 0 0 1 0 1 1 1 1 1 2 111
10362: 5 1 0 0 259 22 28 25 131 212 223 137 72 137 139 156 242745 78 14 15 10 73 31 33 17 42 56 30 39 42 31 23 28 37 7081 16 0 15 15 12 7 9 24 23 9 16 12 19 12 16 13 14 20 17 4043
2000: 0 0 0 0 26 19 17 31 52 48 99 58 31 36 22 19 313 57 1 1 2 1 0 0 0 0 0 0 0 0 0 0 1 0 21 1 0 0 0 0 0 0 0 0 0 2 0 0 0 0 0 0 0 0 3
10739: 0 0 0 0 0 0 0 0 0 0 0 0 0 0 0 0 72 0 0 0 0 0 0 0 0 0 0 0 0 0 0 0 0 0 9 0 0 0 0 0 0 0 0 0 0 0 0 0 0 0 0 0 0 0 0
10506: 0 0 0 0 0 0 0 0 0 0 0 0 0 0 0 0 2 0 0 0 0 0 0 0 0 0 0 0 0 0 0 0 0 0 0 0 0 0 0 0 0 0 0 0 0 0 0 0 0 0 0 0 0 0 0
10040: 111 34 21 13 5489 998 1043 1128 5294 2684 6825 2788 2066 2962 2619 2384 64624 3723 718 773 741 6032 2056 1525 1780 1752 2151 1479 1282 1187 1094 871 866 1157 28640 555 260 578 289 175 228 166 282 289 188 234 153 163 146 162 158 155 186 153 8791
1068: 0 0 0 0 5 3 6 7 10 8 23 16 10 9 9 6 64 27 0 3 3 0 1 0 0 0 0 0 0 0 0 0 0 0 12 0 3 0 0 0 0 0 0 0 0 0 0 0 0 0 0 0 0 0 1
10705: 0 0 0 0 0 0 0 0 0 0 0 0 0 0 0 0 11 0 0 0 0 0 0 0 0 0 0 0 0 0 0 0 0 0 0 0 0 0 0 0 0 0 0 0 0 0 0 0 0 0 0 0 0 0 2
10239: 1 0 0 0 1726 119 113 99 1436 1845 2196 365 273 583 334 252 18784 2295 125 84 69 543 234 207 242 272 501 246 290 208 178 154 131 157 4712 252 13 118 82 91 82 120 129 145 126 119 87 82 88 62 61 56 47 44 1948
10616: 0 0 0 0 0 0 0 0 0 0 0 0 0 0 0 0 3 0 0 0 0 0 0 0 0 0 0 0 0 0 0 0 0 0 0 0 0 0 0 0 0 0 0 0 0 0 0 0 0 0 0 0 0 0 0
10349: 0 0 0 0 294 42 33 20 120 111 137 91 71 80 87 89 11561 2372 283 214 130 1272 403 187 144 131 855 284 177 244 124 124 111 102 6928 72 4 196 100 40 37 43 92 113 44 46 36 40 37 36 36 37 28 36 3050
1000: 1342 314 185 117 109645 14651 12885 12979 95966 94991 135816 35372 26882 32939 26893 22411 457431 55246 6629 7558 6374 26444 7338 4691 5692 7494 7012 4906 3639 4357 3393 2494 2328 6652 139822 2563 1623 1629 1054 557 537 490 675 1118 501 569 408 389 439 380 397 393 618 440 50165
10404: 0 0 0 0 0 0 1 0 0 0 0 0 0 0 2 3 8 0 0 0 0 0 0 0 0 0 0 0 0 0 0 0 0 0 7 0 0 0 0 0 0 0 0 0 0 0 0 0 0 0 0 0 0 0 0
10171: 0 0 0 0 2 0 0 0 0 0 0 0 0 2 0 0 316 1 1 0 9 0 0 0 0 0 0 0 0 0 0 0 0 0 41 0 13 0 0 0 0 0 0 0 0 0 0 0 0 0 0 1 1 0 29
10692: 0 0 0 0 0 0 0 0 0 0 0 0 0 1 0 0 14 0 0 0 0 0 0 0 0 0 0 0 0 0 0 0 0 0 8 0 0 0 0 0 0 0 0 0 0 0 0 0 0 0 0 0 0 0 0
10226: 179 13 7 2 4670 479 482 470 4288 1749 6147 1264 904 1195 1073 937 71932 959 134 92 197 2219 441 301 292 296 370 345 194 205 177 144 151 258 12203 147 54 76 31 24 19 18 26 69 24 24 18 17 19 19 19 19 24 28 3042
1021: 0 0 0 0 63 60 62 53 116 76 155 131 59 79 53 42 436 107 2 5 2 2 2 0 0 2 1 0 0 0 0 0 1 0 21 0 0 0 0 0 0 0 0 0 0 0 0 0 0 0 0 0 0 0 1
50350: 0 0 0 0 0 0 0 0 0 0 0 0 0 0 0 0 466 0 0 0 0 0 0 0 0 0 0 0 0 0 0 0 0 0 2 0 0 0 0 0 0 0 0 0 0 0 0 0 0 0 0 0 0 0 0
10137: 0 0 0 0 0 0 0 0 0 0 0 0 0 0 0 0 0 0 0 0 0 0 0 0 0 0 0 0 0 0 0 0 0 0 5 0 0 0 0 0 0 0 0 0 0 0 0 0 0 0 0 0 0 0 0
2906: 0 0 0 0 47 15 16 15 24 41 18 18 14 18 15 12 348 19 1 4 0 1 1 0 0 2 0 1 0 0 0 0 0 0 35 0 1 0 0 0 0 0 0 0 0 0 0 0 0 0 0 0 0 0 7
10425: 0 0 0 0 0 0 0 0 0 0 0 0 0 0 0 0 108 0 0 0 0 0 0 0 0 0 0 0 0 0 0 0 1 0 7 0 0 0 0 0 0 0 0 0 0 0 0 0 0 0 0 0 0 0 1
1076: 0 0 0 0 0 0 0 0 0 0 0 0 0 0 0 0 1 0 0 0 0 0 0 0 0 0 0 0 0 0 0 0 0 0 1 0 0 0 0 0 0 0 0 0 0 0 0 0 0 0 0 0 0 0 0
